2.00000e-03 1.20831e+00 1.20831e+00 1.20831e+00 1.20831e+00 1.20831e+00 1.20831e+00
 2.00000e-03 -1.82700e-02 -1.82667e-02 -1.82682e-02 -1.82654e-02 -1.82704e-02 -1.82639e-02
 4.00000e-03 1.20825e+00 1.20825e+00 1.20825e+00 1.20825e+00 1.20825e+00 1.20825e+00
 4.00000e-03 -3.65370e-02 -3.65337e-02 -3.65360e-02 -3.65332e-02 -3.65364e-02 -3.65310e-02
 6.00000e-03 1.20816e+00 1.20816e+00 1.20816e+00 1.20816e+00 1.20816e+00 1.20816e+00
 6.00000e-03 -5.48665e-02 -5.47740e-02 -5.48257e-02 -5.47355e-02 -5.48847e-02 -5.47008e-02
 8.00000e-03 1.20804e+00 1.20804e+00 1.20804e+00 1.20804e+00 1.20804e+00 1.20804e+00
 8.00000e-03 -7.31347e-02 -7.30359e-02 -7.30949e-02 -7.29996e-02 -7.31500e-02 -7.29593e-02
 1.00000e-02 1.20787e+00 1.20787e+00 1.20787e+00 1.20787e+00 1.20787e+00 1.20787e+00
 1.00000e-02 -9.13928e-02 -9.13062e-02 -9.13600e-02 -9.12772e-02 -9.14021e-02 -9.12386e-02
 1.20000e-02 1.20767e+00 1.20767e+00 1.20767e+00 1.20767e+00 1.20767e+00 1.20767e+00
 1.20000e-02 -1.09701e-01 -1.09549e-01 -1.09644e-01 -1.09498e-01 -1.09719e-01 -1.09431e-01
 1.40000e-02 1.20743e+00 1.20743e+00 1.20743e+00 1.20743e+00 1.20743e+00 1.20743e+00
 1.40000e-02 -1.27946e-01 -1.27825e-01 -1.27904e-01 -1.27790e-01 -1.27952e-01 -1.27730e-01
 1.60000e-02 1.20716e+00 1.20716e+00 1.20716e+00 1.20716e+00 1.20716e+00 1.20716e+00
 1.60000e-02 -1.46267e-01 -1.46058e-01 -1.46193e-01 -1.45995e-01 -1.46285e-01 -1.45897e-01
 1.80000e-02 1.20685e+00 1.20685e+00 1.20685e+00 1.20685e+00 1.20685e+00 1.20685e+00
 1.80000e-02 -1.64536e-01 -1.64310e-01 -1.64464e-01 -1.64254e-01 -1.64546e-01 -1.64141e-01
 2.00000e-02 1.20650e+00 1.20650e+00 1.20650e+00 1.20650e+00 1.20650e+00 1.20650e+00
 2.00000e-02 -1.82804e-01 -1.82561e-01 -1.82734e-01 -1.82511e-01 -1.82806e-01 -1.82383e-01
 2.20000e-02 1.20612e+00 1.20612e+00 1.20612e+00 1.20612e+00 1.20612e+00 1.20612e+00
 2.20000e-02 -2.01038e-01 -2.00833e-01 -2.00992e-01 -2.00811e-01 -2.01021e-01 -2.00685e-01
 2.40000e-02 1.20570e+00 1.20570e+00 1.20570e+00 1.20570e+00 1.20570e+00 1.20570e+00
 2.40000e-02 -2.19351e-01 -2.19062e-01 -2.19278e-01 -2.19019e-01 -2.19339e-01 -2.18852e-01
 2.60000e-02 1.20524e+00 1.20524e+00 1.20524e+00 1.20524e+00 1.20524e+00 1.20525e+00
 2.60000e-02 -2.37619e-01 -2.37306e-01 -2.37548e-01 -2.37273e-01 -2.37596e-01 -2.37084e-01
 2.80000e-02 1.20475e+00 1.20475e+00 1.20475e+00 1.20475e+00 1.20475e+00 1.20475e+00
 2.80000e-02 -2.55864e-01 -2.55563e-01 -2.55810e-01 -2.55554e-01 -2.55822e-01 -2.55355e-01
 3.00000e-02 1.20422e+00 1.20422e+00 1.20422e+00 1.20422e+00 1.20422e+00 1.20422e+00
 3.00000e-02 -2.74086e-01 -2.73831e-01 -2.74065e-01 -2.73861e-01 -2.74016e-01 -2.73662e-01
 3.20000e-02 1.20365e+00 1.20365e+00 1.20365e+00 1.20365e+00 1.20365e+00 1.20366e+00
 3.20000e-02 -2.92302e-01 -2.92100e-01 -2.92318e-01 -2.92172e-01 -2.92203e-01 -2.91972e-01
 3.40000e-02 1.20305e+00 1.20305e+00 1.20305e+00 1.20305e+00 1.20305e+00 1.20306e+00
 3.40000e-02 -3.10501e-01 -3.10376e-01 -3.10565e-01 -3.10501e-01 -3.10365e-01 -3.10308e-01
 3.60000e-02 1.20241e+00 1.20241e+00 1.20241e+00 1.20241e+00 1.20241e+00 1.20242e+00
 3.60000e-02 -3.28728e-01 -3.28632e-01 -3.28821e-01 -3.28795e-01 -3.28564e-01 -3.28591e-01
 3.80000e-02 1.20173e+00 1.20174e+00 1.20173e+00 1.20174e+00 1.20173e+00 1.20174e+00
 3.80000e-02 -3.46964e-01 -3.46881e-01 -3.47081e-01 -3.47077e-01 -3.46776e-01 -3.46854e-01
 4.00000e-02 1.20102e+00 1.20103e+00 1.20102e+00 1.20102e+00 1.20102e+00 1.20103e+00
 4.00000e-02 -3.65196e-01 -3.65127e-01 -3.65338e-01 -3.65361e-01 -3.64979e-01 -3.65118e-01
 4.20000e-02 1.20027e+00 1.20028e+00 1.20027e+00 1.20028e+00 1.20027e+00 1.20028e+00
 4.20000e-02 -3.83369e-01 -3.83405e-01 -3.83578e-01 -3.83710e-01 -3.83105e-01 -3.83475e-01
 4.40000e-02 1.19949e+00 1.19949e+00 1.19949e+00 1.19949e+00 1.19949e+00 1.19950e+00
 4.40000e-02 -4.01533e-01 -4.01684e-01 -4.01814e-01 -4.02067e-01 -4.01219e-01 -4.01841e-01
 4.60000e-02 1.19866e+00 1.19867e+00 1.19866e+00 1.19867e+00 1.19867e+00 1.19867e+00
 4.60000e-02 -4.19752e-01 -4.19927e-01 -4.20068e-01 -4.20356e-01 -4.19407e-01 -4.20107e-01
 4.80000e-02 1.19781e+00 1.19781e+00 1.19781e+00 1.19781e+00 1.19781e+00 1.19782e+00
 4.80000e-02 -4.37979e-01 -4.38161e-01 -4.38323e-01 -4.38635e-01 -4.37603e-01 -4.38357e-01
 5.00000e-02 1.19691e+00 1.19692e+00 1.19691e+00 1.19691e+00 1.19692e+00 1.19692e+00
 5.00000e-02 -4.56125e-01 -4.56438e-01 -4.56554e-01 -4.57002e-01 -4.55692e-01 -4.56731e-01
 5.20000e-02 1.19598e+00 1.19599e+00 1.19598e+00 1.19598e+00 1.19599e+00 1.19599e+00
 5.20000e-02 -4.74352e-01 -4.74665e-01 -4.74808e-01 -4.75275e-01 -4.73888e-01 -4.74969e-01
 5.40000e-02 1.19501e+00 1.19502e+00 1.19501e+00 1.19501e+00 1.19502e+00 1.19502e+00
 5.40000e-02 -4.92582e-01 -4.92893e-01 -4.93064e-01 -4.93546e-01 -4.92087e-01 -4.93199e-01
 5.60000e-02 1.19401e+00 1.19401e+00 1.19401e+00 1.19401e+00 1.19402e+00 1.19402e+00
 5.60000e-02 -5.10795e-01 -5.11119e-01 -5.11312e-01 -5.11829e-01 -5.10263e-01 -5.11447e-01
 5.80000e-02 1.19297e+00 1.19297e+00 1.19297e+00 1.19296e+00 1.19298e+00 1.19297e+00
 5.80000e-02 -5.29002e-01 -5.29350e-01 -5.29561e-01 -5.30120e-01 -5.28431e-01 -5.29701e-01
 6.00000e-02 1.19190e+00 1.19190e+00 1.19189e+00 1.19189e+00 1.19191e+00 1.19190e+00
 6.00000e-02 -5.47252e-01 -5.47547e-01 -5.47818e-01 -5.48356e-01 -5.46654e-01 -5.47877e-01
 6.20000e-02 1.19078e+00 1.19078e+00 1.19077e+00 1.19077e+00 1.19079e+00 1.19078e+00
 6.20000e-02 -5.65500e-01 -5.65741e-01 -5.66074e-01 -5.66591e-01 -5.64874e-01 -5.66049e-01
 6.40000e-02 1.18963e+00 1.18963e+00 1.18962e+00 1.18962e+00 1.18965e+00 1.18963e+00
 6.40000e-02 -5.83748e-01 -5.83931e-01 -5.84329e-01 -5.84824e-01 -5.83093e-01 -5.84217e-01
 6.60000e-02 1.18845e+00 1.18845e+00 1.18844e+00 1.18843e+00 1.18846e+00 1.18845e+00
 6.60000e-02 -6.02027e-01 -6.02103e-01 -6.02593e-01 -6.03022e-01 -6.01353e-01 -6.02330e-01
 6.80000e-02 1.18723e+00 1.18723e+00 1.18721e+00 1.18721e+00 1.18724e+00 1.18722e+00
 6.80000e-02 -6.20272e-01 -6.20284e-01 -6.20845e-01 -6.21252e-01 -6.19567e-01 -6.20488e-01
 7.00000e-02 1.18597e+00 1.18597e+00 1.18595e+00 1.18595e+00 1.18598e+00 1.18596e+00
 7.00000e-02 -6.38516e-01 -6.38462e-01 -6.39095e-01 -6.39480e-01 -6.37779e-01 -6.38642e-01
 7.20000e-02 1.18467e+00 1.18467e+00 1.18466e+00 1.18465e+00 1.18469e+00 1.18467e+00
 7.20000e-02 -6.56759e-01 -6.56635e-01 -6.57343e-01 -6.57707e-01 -6.55987e-01 -6.56791e-01
 7.40000e-02 1.18334e+00 1.18334e+00 1.18332e+00 1.18332e+00 1.18336e+00 1.18334e+00
 7.40000e-02 -6.75042e-01 -6.74787e-01 -6.75604e-01 -6.75888e-01 -6.74249e-01 -6.74872e-01
 7.60000e-02 1.18197e+00 1.18197e+00 1.18195e+00 1.18195e+00 1.18199e+00 1.18197e+00
 7.60000e-02 -6.93293e-01 -6.92946e-01 -6.93852e-01 -6.94099e-01 -6.92468e-01 -6.92993e-01
 7.80000e-02 1.18057e+00 1.18057e+00 1.18055e+00 1.18054e+00 1.18059e+00 1.18056e+00
 7.80000e-02 -7.11495e-01 -7.11126e-01 -7.12085e-01 -7.12361e-01 -7.10620e-01 -7.11185e-01
 8.00000e-02 1.17913e+00 1.17913e+00 1.17911e+00 1.17910e+00 1.17915e+00 1.17912e+00
 8.00000e-02 -7.29695e-01 -7.29301e-01 -7.30315e-01 -7.30622e-01 -7.28768e-01 -7.29373e-01
 8.20000e-02 1.17765e+00 1.17765e+00 1.17763e+00 1.17762e+00 1.17767e+00 1.17765e+00
 8.20000e-02 -7.47895e-01 -7.47471e-01 -7.48544e-01 -7.48879e-01 -7.46915e-01 -7.47553e-01
 8.40000e-02 1.17613e+00 1.17614e+00 1.17611e+00 1.17610e+00 1.17616e+00 1.17613e+00
 8.40000e-02 -7.66091e-01 -7.65636e-01 -7.66770e-01 -7.67137e-01 -7.65057e-01 -7.65729e-01
 8.60000e-02 1.17458e+00 1.17459e+00 1.17456e+00 1.17455e+00 1.17461e+00 1.17458e+00
 8.60000e-02 -7.84321e-01 -7.83776e-01 -7.85003e-01 -7.85351e-01 -7.83245e-01 -7.83843e-01
 8.80000e-02 1.17300e+00 1.17300e+00 1.17297e+00 1.17296e+00 1.17303e+00 1.17300e+00
 8.80000e-02 -8.02576e-01 -8.01901e-01 -8.03244e-01 -8.03536e-01 -8.01464e-01 -8.01911e-01
 9.00000e-02 1.17137e+00 1.17138e+00 1.17135e+00 1.17133e+00 1.17141e+00 1.17138e+00
 9.00000e-02 -8.20807e-01 -8.20029e-01 -8.21474e-01 -8.21743e-01 -8.19649e-01 -8.20007e-01
 9.20000e-02 1.16971e+00 1.16972e+00 1.16969e+00 1.16967e+00 1.16975e+00 1.16972e+00
 9.20000e-02 -8.38992e-01 -8.38175e-01 -8.39689e-01 -8.39996e-01 -8.37773e-01 -8.38166e-01
 9.40000e-02 1.16802e+00 1.16803e+00 1.16799e+00 1.16797e+00 1.16806e+00 1.16802e+00
 9.40000e-02 -8.57174e-01 -8.56316e-01 -8.57901e-01 -8.58249e-01 -8.55891e-01 -8.56322e-01
 9.60000e-02 1.16628e+00 1.16630e+00 1.16625e+00 1.16624e+00 1.16633e+00 1.16629e+00
 9.60000e-02 -8.75449e-01 -8.74407e-01 -8.76141e-01 -8.76397e-01 -8.74133e-01 -8.74324e-01
 9.80000e-02 1.16452e+00 1.16453e+00 1.16448e+00 1.16447e+00 1.16456e+00 1.16453e+00
 9.80000e-02 -8.93703e-01 -8.92499e-01 -8.94371e-01 -8.94563e-01 -8.92346e-01 -8.92348e-01
 1.00000e-01 1.16271e+00 1.16273e+00 1.16268e+00 1.16266e+00 1.16276e+00 1.16272e+00
 1.00000e-01 -9.11920e-01 -9.10600e-01 -9.12586e-01 -9.12762e-01 -9.10509e-01 -9.10418e-01
 1.02000e-01 1.16087e+00 1.16089e+00 1.16083e+00 1.16082e+00 1.16092e+00 1.16088e+00
 1.02000e-01 -9.30092e-01 -9.28717e-01 -9.30786e-01 -9.31007e-01 -9.28609e-01 -9.28550e-01
 1.04000e-01 1.15899e+00 1.15901e+00 1.15895e+00 1.15894e+00 1.15904e+00 1.15901e+00
 1.04000e-01 -9.48260e-01 -9.46829e-01 -9.48982e-01 -9.49253e-01 -9.46702e-01 -9.46678e-01
 1.06000e-01 1.15707e+00 1.15710e+00 1.15704e+00 1.15702e+00 1.15713e+00 1.15710e+00
 1.06000e-01 -9.66477e-01 -9.64907e-01 -9.67190e-01 -9.67437e-01 -9.64863e-01 -9.64715e-01
 1.08000e-01 1.15512e+00 1.15515e+00 1.15509e+00 1.15507e+00 1.15518e+00 1.15515e+00
 1.08000e-01 -9.84684e-01 -9.82981e-01 -9.85391e-01 -9.85627e-01 -9.83008e-01 -9.82759e-01
 1.10000e-01 1.15314e+00 1.15317e+00 1.15310e+00 1.15308e+00 1.15320e+00 1.15317e+00
 1.10000e-01 -1.00289e+00 -1.00105e+00 -1.00359e+00 -1.00382e+00 -1.00115e+00 -1.00080e+00
 1.12000e-01 1.15111e+00 1.15115e+00 1.15107e+00 1.15105e+00 1.15118e+00 1.15115e+00
 1.12000e-01 -1.02109e+00 -1.01911e+00 -1.02178e+00 -1.02200e+00 -1.01928e+00 -1.01882e+00
 1.14000e-01 1.14905e+00 1.14909e+00 1.14901e+00 1.14899e+00 1.14912e+00 1.14909e+00
 1.14000e-01 -1.03929e+00 -1.03716e+00 -1.03997e+00 -1.04018e+00 -1.03742e+00 -1.03684e+00
 1.16000e-01 1.14695e+00 1.14700e+00 1.14691e+00 1.14689e+00 1.14703e+00 1.14700e+00
 1.16000e-01 -1.05749e+00 -1.05521e+00 -1.05816e+00 -1.05836e+00 -1.05554e+00 -1.05485e+00
 1.18000e-01 1.14482e+00 1.14487e+00 1.14478e+00 1.14476e+00 1.14490e+00 1.14487e+00
 1.18000e-01 -1.07568e+00 -1.07324e+00 -1.07634e+00 -1.07654e+00 -1.07367e+00 -1.07286e+00
 1.20000e-01 1.14265e+00 1.14271e+00 1.14261e+00 1.14259e+00 1.14274e+00 1.14271e+00
 1.20000e-01 -1.09387e+00 -1.09127e+00 -1.09452e+00 -1.09471e+00 -1.09178e+00 -1.09086e+00
 1.22000e-01 1.14045e+00 1.14051e+00 1.14040e+00 1.14038e+00 1.14053e+00 1.14051e+00
 1.22000e-01 -1.11210e+00 -1.10928e+00 -1.11271e+00 -1.11284e+00 -1.10995e+00 -1.10878e+00
 1.24000e-01 1.13820e+00 1.13827e+00 1.13816e+00 1.13813e+00 1.13830e+00 1.13827e+00
 1.24000e-01 -1.13033e+00 -1.12727e+00 -1.13089e+00 -1.13097e+00 -1.12811e+00 -1.12670e+00
 1.26000e-01 1.13593e+00 1.13600e+00 1.13588e+00 1.13585e+00 1.13602e+00 1.13600e+00
 1.26000e-01 -1.14851e+00 -1.14528e+00 -1.14905e+00 -1.14913e+00 -1.14621e+00 -1.14467e+00
 1.28000e-01 1.13361e+00 1.13369e+00 1.13356e+00 1.13354e+00 1.13371e+00 1.13369e+00
 1.28000e-01 -1.16673e+00 -1.16325e+00 -1.16723e+00 -1.16724e+00 -1.16437e+00 -1.16255e+00
 1.30000e-01 1.13126e+00 1.13134e+00 1.13121e+00 1.13118e+00 1.13136e+00 1.13135e+00
 1.30000e-01 -1.18494e+00 -1.18122e+00 -1.18539e+00 -1.18537e+00 -1.18250e+00 -1.18045e+00
 1.32000e-01 1.12887e+00 1.12896e+00 1.12882e+00 1.12880e+00 1.12898e+00 1.12897e+00
 1.32000e-01 -1.20311e+00 -1.19920e+00 -1.20354e+00 -1.20352e+00 -1.20058e+00 -1.19840e+00
 1.34000e-01 1.12645e+00 1.12655e+00 1.12639e+00 1.12637e+00 1.12656e+00 1.12656e+00
 1.34000e-01 -1.22133e+00 -1.21715e+00 -1.22170e+00 -1.22162e+00 -1.21872e+00 -1.21626e+00
 1.36000e-01 1.12398e+00 1.12410e+00 1.12393e+00 1.12391e+00 1.12411e+00 1.12411e+00
 1.36000e-01 -1.23952e+00 -1.23509e+00 -1.23985e+00 -1.23974e+00 -1.23683e+00 -1.23413e+00
 1.38000e-01 1.12149e+00 1.12161e+00 1.12143e+00 1.12141e+00 1.12161e+00 1.12162e+00
 1.38000e-01 -1.25768e+00 -1.25304e+00 -1.25798e+00 -1.25788e+00 -1.25489e+00 -1.25204e+00
 1.40000e-01 1.11895e+00 1.11908e+00 1.11890e+00 1.11888e+00 1.11909e+00 1.11910e+00
 1.40000e-01 -1.27589e+00 -1.27095e+00 -1.27612e+00 -1.27598e+00 -1.27300e+00 -1.26987e+00
 1.42000e-01 1.11638e+00 1.11652e+00 1.11633e+00 1.11631e+00 1.11652e+00 1.11654e+00
 1.42000e-01 -1.29407e+00 -1.28886e+00 -1.29425e+00 -1.29408e+00 -1.29109e+00 -1.28771e+00
 1.44000e-01 1.11378e+00 1.11393e+00 1.11372e+00 1.11370e+00 1.11392e+00 1.11395e+00
 1.44000e-01 -1.31222e+00 -1.30678e+00 -1.31236e+00 -1.31221e+00 -1.30913e+00 -1.30559e+00
 1.46000e-01 1.11114e+00 1.11130e+00 1.11108e+00 1.11106e+00 1.11129e+00 1.11132e+00
 1.46000e-01 -1.33041e+00 -1.32466e+00 -1.33049e+00 -1.33029e+00 -1.32722e+00 -1.32338e+00
 1.48000e-01 1.10846e+00 1.10863e+00 1.10840e+00 1.10838e+00 1.10861e+00 1.10865e+00
 1.48000e-01 -1.34858e+00 -1.34253e+00 -1.34860e+00 -1.34838e+00 -1.34529e+00 -1.34118e+00
 1.50000e-01 1.10574e+00 1.10593e+00 1.10568e+00 1.10566e+00 1.10591e+00 1.10595e+00
 1.50000e-01 -1.36671e+00 -1.36041e+00 -1.36669e+00 -1.36650e+00 -1.36330e+00 -1.35902e+00
 1.52000e-01 1.10299e+00 1.10319e+00 1.10293e+00 1.10291e+00 1.10316e+00 1.10322e+00
 1.52000e-01 -1.38484e+00 -1.37827e+00 -1.38477e+00 -1.38462e+00 -1.38131e+00 -1.37685e+00
 1.54000e-01 1.10020e+00 1.10041e+00 1.10015e+00 1.10013e+00 1.10038e+00 1.10045e+00
 1.54000e-01 -1.40297e+00 -1.39612e+00 -1.40285e+00 -1.40272e+00 -1.39932e+00 -1.39465e+00
 1.56000e-01 1.09738e+00 1.09760e+00 1.09732e+00 1.09730e+00 1.09756e+00 1.09764e+00
 1.56000e-01 -1.42109e+00 -1.41396e+00 -1.42092e+00 -1.42082e+00 -1.41730e+00 -1.41245e+00
 1.58000e-01 1.09452e+00 1.09476e+00 1.09446e+00 1.09444e+00 1.09471e+00 1.09480e+00
 1.58000e-01 -1.43920e+00 -1.43178e+00 -1.43897e+00 -1.43893e+00 -1.43528e+00 -1.43024e+00
 1.60000e-01 1.09162e+00 1.09188e+00 1.09157e+00 1.09155e+00 1.09182e+00 1.09192e+00
 1.60000e-01 -1.45733e+00 -1.44959e+00 -1.45703e+00 -1.45700e+00 -1.45327e+00 -1.44798e+00
 1.62000e-01 1.08869e+00 1.08896e+00 1.08863e+00 1.08862e+00 1.08890e+00 1.08901e+00
 1.62000e-01 -1.47546e+00 -1.46737e+00 -1.47509e+00 -1.47506e+00 -1.47127e+00 -1.46569e+00
 1.64000e-01 1.08572e+00 1.08601e+00 1.08567e+00 1.08565e+00 1.08594e+00 1.08606e+00
 1.64000e-01 -1.49356e+00 -1.48514e+00 -1.49312e+00 -1.49315e+00 -1.48921e+00 -1.48343e+00
 1.66000e-01 1.08271e+00 1.08302e+00 1.08266e+00 1.08264e+00 1.08294e+00 1.08307e+00
 1.66000e-01 -1.51164e+00 -1.50291e+00 -1.51114e+00 -1.51123e+00 -1.50715e+00 -1.50116e+00
 1.68000e-01 1.07967e+00 1.07999e+00 1.07962e+00 1.07960e+00 1.07991e+00 1.08005e+00
 1.68000e-01 -1.52973e+00 -1.52065e+00 -1.52916e+00 -1.52929e+00 -1.52508e+00 -1.51885e+00
 1.70000e-01 1.07659e+00 1.07694e+00 1.07654e+00 1.07653e+00 1.07684e+00 1.07700e+00
 1.70000e-01 -1.54782e+00 -1.53837e+00 -1.54716e+00 -1.54735e+00 -1.54300e+00 -1.53653e+00
 1.72000e-01 1.07348e+00 1.07384e+00 1.07343e+00 1.07341e+00 1.07374e+00 1.07391e+00
 1.72000e-01 -1.56588e+00 -1.55609e+00 -1.56515e+00 -1.56541e+00 -1.56090e+00 -1.55421e+00
 1.74000e-01 1.07033e+00 1.07071e+00 1.07028e+00 1.07026e+00 1.07060e+00 1.07078e+00
 1.74000e-01 -1.58399e+00 -1.57376e+00 -1.58315e+00 -1.58342e+00 -1.57885e+00 -1.57180e+00
 1.76000e-01 1.06715e+00 1.06755e+00 1.06710e+00 1.06708e+00 1.06742e+00 1.06762e+00
 1.76000e-01 -1.60204e+00 -1.59144e+00 -1.60112e+00 -1.60147e+00 -1.59672e+00 -1.58944e+00
 1.78000e-01 1.06392e+00 1.06435e+00 1.06388e+00 1.06386e+00 1.06421e+00 1.06442e+00
 1.78000e-01 -1.62013e+00 -1.60907e+00 -1.61910e+00 -1.61946e+00 -1.61464e+00 -1.60699e+00
 1.80000e-01 1.06066e+00 1.06111e+00 1.06062e+00 1.06060e+00 1.06096e+00 1.06119e+00
 1.80000e-01 -1.63816e+00 -1.62671e+00 -1.63704e+00 -1.63750e+00 -1.63247e+00 -1.62459e+00
 1.82000e-01 1.05737e+00 1.05784e+00 1.05733e+00 1.05731e+00 1.05768e+00 1.05792e+00
 1.82000e-01 -1.65623e+00 -1.64431e+00 -1.65499e+00 -1.65548e+00 -1.65036e+00 -1.64210e+00
 1.84000e-01 1.05404e+00 1.05453e+00 1.05400e+00 1.05398e+00 1.05436e+00 1.05462e+00
 1.84000e-01 -1.67430e+00 -1.66188e+00 -1.67293e+00 -1.67345e+00 -1.66824e+00 -1.65958e+00
 1.86000e-01 1.05067e+00 1.05119e+00 1.05064e+00 1.05061e+00 1.05101e+00 1.05128e+00
 1.86000e-01 -1.69230e+00 -1.67945e+00 -1.69084e+00 -1.69146e+00 -1.68603e+00 -1.67713e+00
 1.88000e-01 1.04727e+00 1.04782e+00 1.04724e+00 1.04721e+00 1.04762e+00 1.04791e+00
 1.88000e-01 -1.71030e+00 -1.69700e+00 -1.70873e+00 -1.70947e+00 -1.70381e+00 -1.69465e+00
 1.90000e-01 1.04383e+00 1.04440e+00 1.04380e+00 1.04378e+00 1.04419e+00 1.04451e+00
 1.90000e-01 -1.72831e+00 -1.71452e+00 -1.72661e+00 -1.72744e+00 -1.72160e+00 -1.71210e+00
 1.92000e-01 1.04036e+00 1.04096e+00 1.04033e+00 1.04030e+00 1.04073e+00 1.04106e+00
 1.92000e-01 -1.74633e+00 -1.73200e+00 -1.74450e+00 -1.74537e+00 -1.73941e+00 -1.72949e+00
 1.94000e-01 1.03685e+00 1.03748e+00 1.03683e+00 1.03679e+00 1.03723e+00 1.03759e+00
 1.94000e-01 -1.76429e+00 -1.74947e+00 -1.76234e+00 -1.76335e+00 -1.75713e+00 -1.74694e+00
 1.96000e-01 1.03330e+00 1.03396e+00 1.03328e+00 1.03325e+00 1.03370e+00 1.03408e+00
 1.96000e-01 -1.78223e+00 -1.76693e+00 -1.78017e+00 -1.78133e+00 -1.77482e+00 -1.76437e+00
 1.98000e-01 1.02972e+00 1.03041e+00 1.02971e+00 1.02967e+00 1.03014e+00 1.03053e+00
 1.98000e-01 -1.80021e+00 -1.78433e+00 -1.79800e+00 -1.79924e+00 -1.79256e+00 -1.78170e+00
 2.00000e-01 1.02610e+00 1.02682e+00 1.02609e+00 1.02605e+00 1.02653e+00 1.02695e+00
 2.00000e-01 -1.81813e+00 -1.80173e+00 -1.81579e+00 -1.81720e+00 -1.81021e+00 -1.79907e+00
 2.02000e-01 1.02245e+00 1.02320e+00 1.02244e+00 1.02240e+00 1.02289e+00 1.02333e+00
 2.02000e-01 -1.83607e+00 -1.81907e+00 -1.83358e+00 -1.83510e+00 -1.82789e+00 -1.81635e+00
 2.04000e-01 1.01876e+00 1.01955e+00 1.01876e+00 1.01871e+00 1.01922e+00 1.01968e+00
 2.04000e-01 -1.85396e+00 -1.83641e+00 -1.85133e+00 -1.85303e+00 -1.84550e+00 -1.83367e+00
 2.06000e-01 1.01503e+00 1.01586e+00 1.01504e+00 1.01499e+00 1.01551e+00 1.01600e+00
 2.06000e-01 -1.87188e+00 -1.85370e+00 -1.86909e+00 -1.87090e+00 -1.86314e+00 -1.85089e+00
 2.08000e-01 1.01127e+00 1.01213e+00 1.01128e+00 1.01123e+00 1.01177e+00 1.01228e+00
 2.08000e-01 -1.88974e+00 -1.87097e+00 -1.88680e+00 -1.88881e+00 -1.88069e+00 -1.86815e+00
 2.10000e-01 1.00747e+00 1.00837e+00 1.00749e+00 1.00743e+00 1.00799e+00 1.00853e+00
 2.10000e-01 -1.90763e+00 -1.88818e+00 -1.90451e+00 -1.90666e+00 -1.89829e+00 -1.88529e+00
 2.12000e-01 1.00364e+00 1.00458e+00 1.00366e+00 1.00360e+00 1.00418e+00 1.00474e+00
 2.12000e-01 -1.92545e+00 -1.90539e+00 -1.92218e+00 -1.92454e+00 -1.91579e+00 -1.90248e+00
 2.14000e-01 9.99769e-01 1.00075e+00 9.99802e-01 9.99735e-01 1.00033e+00 1.00092e+00
 2.14000e-01 -1.94325e+00 -1.92255e+00 -1.93983e+00 -1.94242e+00 -1.93325e+00 -1.91964e+00
 2.16000e-01 9.95865e-01 9.96888e-01 9.95904e-01 9.95832e-01 9.96443e-01 9.97061e-01
 2.16000e-01 -1.96104e+00 -1.93967e+00 -1.95746e+00 -1.96026e+00 -1.95071e+00 -1.93674e+00
 2.18000e-01 9.91925e-01 9.92991e-01 9.91972e-01 9.91894e-01 9.92524e-01 9.93170e-01
 2.18000e-01 -1.97885e+00 -1.95674e+00 -1.97508e+00 -1.97805e+00 -1.96818e+00 -1.95375e+00
 2.20000e-01 9.87950e-01 9.89061e-01 9.88004e-01 9.87920e-01 9.88570e-01 9.89246e-01
 2.20000e-01 -1.99660e+00 -1.97378e+00 -1.99265e+00 -1.99587e+00 -1.98557e+00 -1.97079e+00
 2.22000e-01 9.83939e-01 9.85096e-01 9.84001e-01 9.83910e-01 9.84582e-01 9.85287e-01
 2.22000e-01 -2.01431e+00 -1.99079e+00 -2.01019e+00 -2.01369e+00 -2.00290e+00 -1.98780e+00
 2.24000e-01 9.79892e-01 9.81098e-01 9.79963e-01 9.79865e-01 9.80558e-01 9.81295e-01
 2.24000e-01 -2.03204e+00 -2.00773e+00 -2.02773e+00 -2.03145e+00 -2.02025e+00 -2.00470e+00
 2.26000e-01 9.75811e-01 9.77065e-01 9.75890e-01 9.75785e-01 9.76501e-01 9.77268e-01
 2.26000e-01 -2.04970e+00 -2.02464e+00 -2.04521e+00 -2.04923e+00 -2.03751e+00 -2.02163e+00
 2.28000e-01 9.71693e-01 9.72999e-01 9.71782e-01 9.71669e-01 9.72408e-01 9.73209e-01
 2.28000e-01 -2.06777e+00 -2.04134e+00 -2.06285e+00 -2.06654e+00 -2.05532e+00 -2.03786e+00
 2.30000e-01 9.67539e-01 9.68900e-01 9.67639e-01 9.67519e-01 9.68279e-01 9.69117e-01
 2.30000e-01 -2.08598e+00 -2.05792e+00 -2.08052e+00 -2.08366e+00 -2.07332e+00 -2.05380e+00
 2.32000e-01 9.63349e-01 9.64768e-01 9.63460e-01 9.63334e-01 9.64115e-01 9.64994e-01
 2.32000e-01 -2.10434e+00 -2.07439e+00 -2.09824e+00 -2.10057e+00 -2.09151e+00 -2.06944e+00
 2.34000e-01 9.59122e-01 9.60602e-01 9.59246e-01 9.59116e-01 9.59913e-01 9.60839e-01
 2.34000e-01 -2.12268e+00 -2.09080e+00 -2.11593e+00 -2.11745e+00 -2.10968e+00 -2.08500e+00
 2.36000e-01 9.54858e-01 9.56404e-01 9.54997e-01 9.54865e-01 9.55676e-01 9.56654e-01
 2.36000e-01 -2.14110e+00 -2.10712e+00 -2.13363e+00 -2.13420e+00 -2.12793e+00 -2.10037e+00
 2.38000e-01 9.50558e-01 9.52174e-01 9.50712e-01 9.50580e-01 9.51402e-01 9.52438e-01
 2.38000e-01 -2.15964e+00 -2.12332e+00 -2.15137e+00 -2.15075e+00 -2.14637e+00 -2.11543e+00
 2.40000e-01 9.46220e-01 9.47911e-01 9.46391e-01 9.46262e-01 9.47090e-01 9.48192e-01
 2.40000e-01 -2.17833e+00 -2.13939e+00 -2.16916e+00 -2.16708e+00 -2.16499e+00 -2.13018e+00
 2.42000e-01 9.41844e-01 9.43616e-01 9.42035e-01 9.41911e-01 9.42742e-01 9.43917e-01
 2.42000e-01 -2.19706e+00 -2.15538e+00 -2.18695e+00 -2.18330e+00 -2.18367e+00 -2.14476e+00
 2.44000e-01 9.37432e-01 9.39290e-01 9.37643e-01 9.37528e-01 9.38356e-01 9.39613e-01
 2.44000e-01 -2.21564e+00 -2.17134e+00 -2.20465e+00 -2.19960e+00 -2.20214e+00 -2.15944e+00
 2.46000e-01 9.32982e-01 9.34931e-01 9.33216e-01 9.33113e-01 9.33933e-01 9.35280e-01
 2.46000e-01 -2.23430e+00 -2.18720e+00 -2.22237e+00 -2.21575e+00 -2.22072e+00 -2.17388e+00
 2.48000e-01 9.28495e-01 9.30541e-01 9.28754e-01 9.28665e-01 9.29473e-01 9.30917e-01
 2.48000e-01 -2.25285e+00 -2.20301e+00 -2.24001e+00 -2.23193e+00 -2.23915e+00 -2.18835e+00
 2.50000e-01 9.23971e-01 9.26119e-01 9.24256e-01 9.24185e-01 9.24977e-01 9.26526e-01
 2.50000e-01 -2.27140e+00 -2.21873e+00 -2.25763e+00 -2.24803e+00 -2.25757e+00 -2.20270e+00
 2.52000e-01 9.19409e-01 9.21666e-01 9.19723e-01 9.19673e-01 9.20443e-01 9.22106e-01
 2.52000e-01 -2.28993e+00 -2.23436e+00 -2.27523e+00 -2.26406e+00 -2.27597e+00 -2.21693e+00
 2.54000e-01 9.14811e-01 9.17182e-01 9.15155e-01 9.15129e-01 9.15873e-01 9.17658e-01
 2.54000e-01 -2.30839e+00 -2.24993e+00 -2.29278e+00 -2.28007e+00 -2.29427e+00 -2.23111e+00
 2.56000e-01 9.10176e-01 9.12666e-01 9.10552e-01 9.10553e-01 9.11266e-01 9.13182e-01
 2.56000e-01 -2.32677e+00 -2.26542e+00 -2.31026e+00 -2.29607e+00 -2.31246e+00 -2.24526e+00
 2.58000e-01 9.05504e-01 9.08120e-01 9.05914e-01 9.05945e-01 9.06623e-01 9.08677e-01
 2.58000e-01 -2.34513e+00 -2.28081e+00 -2.32770e+00 -2.31199e+00 -2.33061e+00 -2.25928e+00
 2.60000e-01 9.00795e-01 9.03543e-01 9.01242e-01 9.01305e-01 9.01944e-01 9.04145e-01
 2.60000e-01 -2.36345e+00 -2.29610e+00 -2.34510e+00 -2.32784e+00 -2.34872e+00 -2.27318e+00
 2.62000e-01 8.96050e-01 8.98936e-01 8.96534e-01 8.96633e-01 8.97228e-01 8.99585e-01
 2.62000e-01 -2.38168e+00 -2.31130e+00 -2.36244e+00 -2.34367e+00 -2.36671e+00 -2.28702e+00
 2.64000e-01 8.91269e-01 8.94298e-01 8.91792e-01 8.91930e-01 8.92477e-01 8.94997e-01
 2.64000e-01 -2.39989e+00 -2.32638e+00 -2.37973e+00 -2.35941e+00 -2.38465e+00 -2.30072e+00
 2.66000e-01 8.86451e-01 8.89630e-01 8.87015e-01 8.87196e-01 8.87690e-01 8.90382e-01
 2.66000e-01 -2.41799e+00 -2.34137e+00 -2.39695e+00 -2.37513e+00 -2.40247e+00 -2.31437e+00
 2.68000e-01 8.81597e-01 8.84933e-01 8.82204e-01 8.82430e-01 8.82867e-01 8.85740e-01
 2.68000e-01 -2.43603e+00 -2.35625e+00 -2.41412e+00 -2.39079e+00 -2.42020e+00 -2.32790e+00
 2.70000e-01 8.76707e-01 8.80205e-01 8.77359e-01 8.77633e-01 8.78009e-01 8.81070e-01
 2.70000e-01 -2.45402e+00 -2.37100e+00 -2.43122e+00 -2.40637e+00 -2.43785e+00 -2.34129e+00
 2.72000e-01 8.71781e-01 8.75449e-01 8.72479e-01 8.72804e-01 8.73116e-01 8.76374e-01
 2.72000e-01 -2.47189e+00 -2.38564e+00 -2.44825e+00 -2.42192e+00 -2.45536e+00 -2.35462e+00
 2.74000e-01 8.66819e-01 8.70663e-01 8.67566e-01 8.67945e-01 8.68188e-01 8.71652e-01
 2.74000e-01 -2.48971e+00 -2.40014e+00 -2.46522e+00 -2.43738e+00 -2.47279e+00 -2.36778e+00
 2.76000e-01 8.61822e-01 8.65848e-01 8.62618e-01 8.63055e-01 8.63225e-01 8.66903e-01
 2.76000e-01 -2.50741e+00 -2.41451e+00 -2.48210e+00 -2.45280e+00 -2.49007e+00 -2.38085e+00
 2.78000e-01 8.56789e-01 8.61005e-01 8.57637e-01 8.58134e-01 8.58228e-01 8.62129e-01
 2.78000e-01 -2.52501e+00 -2.42874e+00 -2.49891e+00 -2.46816e+00 -2.50721e+00 -2.39380e+00
 2.80000e-01 8.51722e-01 8.56133e-01 8.52623e-01 8.53182e-01 8.53196e-01 8.57328e-01
 2.80000e-01 -2.54252e+00 -2.44282e+00 -2.51564e+00 -2.48343e+00 -2.52425e+00 -2.40660e+00
 2.82000e-01 8.46619e-01 8.51234e-01 8.47575e-01 8.48200e-01 8.48131e-01 8.52502e-01
 2.82000e-01 -2.55991e+00 -2.45674e+00 -2.53228e+00 -2.49865e+00 -2.54112e+00 -2.41928e+00
 2.84000e-01 8.41482e-01 8.46306e-01 8.42494e-01 8.43188e-01 8.43032e-01 8.47651e-01
 2.84000e-01 -2.57717e+00 -2.47050e+00 -2.54882e+00 -2.51380e+00 -2.55782e+00 -2.43182e+00
 2.86000e-01 8.36311e-01 8.41352e-01 8.37380e-01 8.38145e-01 8.37899e-01 8.42775e-01
 2.86000e-01 -2.59432e+00 -2.48407e+00 -2.56528e+00 -2.52886e+00 -2.57439e+00 -2.44418e+00
 2.88000e-01 8.31105e-01 8.36370e-01 8.32233e-01 8.33072e-01 8.32734e-01 8.37874e-01
 2.88000e-01 -2.61132e+00 -2.49747e+00 -2.58164e+00 -2.54385e+00 -2.59077e+00 -2.45642e+00
 2.90000e-01 8.25866e-01 8.31362e-01 8.27053e-01 8.27970e-01 8.27537e-01 8.32949e-01
 2.90000e-01 -2.62818e+00 -2.51068e+00 -2.59788e+00 -2.55878e+00 -2.60695e+00 -2.46850e+00
 2.92000e-01 8.20593e-01 8.26328e-01 8.21841e-01 8.22837e-01 8.22307e-01 8.28001e-01
 2.92000e-01 -2.64490e+00 -2.52368e+00 -2.61404e+00 -2.57359e+00 -2.62298e+00 -2.48037e+00
 2.94000e-01 8.15286e-01 8.21267e-01 8.16597e-01 8.17675e-01 8.17045e-01 8.23028e-01
 2.94000e-01 -2.66145e+00 -2.53647e+00 -2.63007e+00 -2.58834e+00 -2.63877e+00 -2.49209e+00
 2.96000e-01 8.09947e-01 8.16182e-01 8.11321e-01 8.12484e-01 8.11752e-01 8.18032e-01
 2.96000e-01 -2.67782e+00 -2.54904e+00 -2.64598e+00 -2.60301e+00 -2.65434e+00 -2.50364e+00
 2.98000e-01 8.04575e-01 8.11071e-01 8.06013e-01 8.07263e-01 8.06428e-01 8.13014e-01
 2.98000e-01 -2.69402e+00 -2.56136e+00 -2.66178e+00 -2.61757e+00 -2.66969e+00 -2.51497e+00
 3.00000e-01 7.99171e-01 8.05937e-01 8.00674e-01 8.02014e-01 8.01073e-01 8.07973e-01
 3.00000e-01 -2.71002e+00 -2.57344e+00 -2.67745e+00 -2.63204e+00 -2.68480e+00 -2.52610e+00
 3.02000e-01 7.93735e-01 8.00778e-01 7.95304e-01 7.96735e-01 7.95689e-01 8.02909e-01
 3.02000e-01 -2.72583e+00 -2.58525e+00 -2.69300e+00 -2.64640e+00 -2.69967e+00 -2.53699e+00
 3.04000e-01 7.88268e-01 7.95596e-01 7.89902e-01 7.91428e-01 7.90275e-01 7.97825e-01
 3.04000e-01 -2.74140e+00 -2.59678e+00 -2.70840e+00 -2.66069e+00 -2.71422e+00 -2.54770e+00
 3.06000e-01 7.82770e-01 7.90391e-01 7.84470e-01 7.86092e-01 7.84832e-01 7.92719e-01
 3.06000e-01 -2.75669e+00 -2.60806e+00 -2.72368e+00 -2.67492e+00 -2.72843e+00 -2.55823e+00
 3.08000e-01 7.77241e-01 7.85164e-01 7.79008e-01 7.80729e-01 7.79361e-01 7.87592e-01
 3.08000e-01 -2.77178e+00 -2.61899e+00 -2.73878e+00 -2.68900e+00 -2.74238e+00 -2.56846e+00
 3.10000e-01 7.71683e-01 7.79915e-01 7.73515e-01 7.75337e-01 7.73863e-01 7.82445e-01
 3.10000e-01 -2.78660e+00 -2.62959e+00 -2.75374e+00 -2.70298e+00 -2.75601e+00 -2.57844e+00
 3.12000e-01 7.66095e-01 7.74646e-01 7.67993e-01 7.69917e-01 7.68337e-01 7.77278e-01
 3.12000e-01 -2.80115e+00 -2.63984e+00 -2.76853e+00 -2.71684e+00 -2.76929e+00 -2.58814e+00
 3.14000e-01 7.60478e-01 7.69356e-01 7.62441e-01 7.64469e-01 7.62786e-01 7.72093e-01
 3.14000e-01 -2.81541e+00 -2.64973e+00 -2.78317e+00 -2.73060e+00 -2.78220e+00 -2.59756e+00
 3.16000e-01 7.54834e-01 7.64047e-01 7.56860e-01 7.58994e-01 7.57209e-01 7.66888e-01
 3.16000e-01 -2.82935e+00 -2.65923e+00 -2.79763e+00 -2.74425e+00 -2.79472e+00 -2.60669e+00
 3.18000e-01 7.49161e-01 7.58719e-01 7.51251e-01 7.53492e-01 7.51607e-01 7.61666e-01
 3.18000e-01 -2.84296e+00 -2.66832e+00 -2.81192e+00 -2.75778e+00 -2.80682e+00 -2.61550e+00
 3.20000e-01 7.43462e-01 7.53374e-01 7.45613e-01 7.47963e-01 7.45982e-01 7.56426e-01
 3.20000e-01 -2.85621e+00 -2.67698e+00 -2.82604e+00 -2.77121e+00 -2.81849e+00 -2.62400e+00
 3.22000e-01 7.37737e-01 7.48012e-01 7.39947e-01 7.42408e-01 7.40334e-01 7.51170e-01
 3.22000e-01 -2.86909e+00 -2.68518e+00 -2.83997e+00 -2.78453e+00 -2.82967e+00 -2.63215e+00
 3.24000e-01 7.31986e-01 7.42634e-01 7.34253e-01 7.36825e-01 7.34663e-01 7.45898e-01
 3.24000e-01 -2.88155e+00 -2.69292e+00 -2.85374e+00 -2.79777e+00 -2.84033e+00 -2.63997e+00
 3.26000e-01 7.26211e-01 7.37240e-01 7.28532e-01 7.31217e-01 7.28973e-01 7.40611e-01
 3.26000e-01 -2.89361e+00 -2.70012e+00 -2.86730e+00 -2.81088e+00 -2.85049e+00 -2.64740e+00
 3.28000e-01 7.20412e-01 7.31833e-01 7.22784e-01 7.25582e-01 7.23262e-01 7.35309e-01
 3.28000e-01 -2.90522e+00 -2.70678e+00 -2.88068e+00 -2.82390e+00 -2.86010e+00 -2.65444e+00
 3.30000e-01 7.14590e-01 7.26414e-01 7.17009e-01 7.19921e-01 7.17533e-01 7.29993e-01
 3.30000e-01 -2.91636e+00 -2.71287e+00 -2.89387e+00 -2.83682e+00 -2.86911e+00 -2.66106e+00
 3.32000e-01 7.08747e-01 7.20982e-01 7.11208e-01 7.14235e-01 7.11786e-01 7.24665e-01
 3.32000e-01 -2.92701e+00 -2.71835e+00 -2.90687e+00 -2.84965e+00 -2.87750e+00 -2.66725e+00
 3.34000e-01 7.02882e-01 7.15541e-01 7.05382e-01 7.08522e-01 7.06023e-01 7.19324e-01
 3.34000e-01 -2.93712e+00 -2.72318e+00 -2.91969e+00 -2.86241e+00 -2.88522e+00 -2.67299e+00
 3.36000e-01 6.96998e-01 7.10090e-01 6.99530e-01 7.02785e-01 7.00245e-01 7.13973e-01
 3.36000e-01 -2.94668e+00 -2.72733e+00 -2.93235e+00 -2.87512e+00 -2.89223e+00 -2.67826e+00
 3.38000e-01 6.91096e-01 7.04632e-01 6.93652e-01 6.97022e-01 6.94455e-01 7.08612e-01
 3.38000e-01 -2.95563e+00 -2.73075e+00 -2.94483e+00 -2.88779e+00 -2.89848e+00 -2.68304e+00
 3.40000e-01 6.85176e-01 6.99168e-01 6.87750e-01 6.91234e-01 6.88652e-01 7.03241e-01
 3.40000e-01 -2.96394e+00 -2.73340e+00 -2.95713e+00 -2.90045e+00 -2.90391e+00 -2.68733e+00
 3.42000e-01 6.79241e-01 6.93699e-01 6.81824e-01 6.85420e-01 6.82839e-01 6.97863e-01
 3.42000e-01 -2.97164e+00 -2.73527e+00 -2.96939e+00 -2.91309e+00 -2.90857e+00 -2.69101e+00
 3.44000e-01 6.73290e-01 6.88227e-01 6.75873e-01 6.79581e-01 6.77018e-01 6.92478e-01
 3.44000e-01 -2.97867e+00 -2.73625e+00 -2.98150e+00 -2.92575e+00 -2.91238e+00 -2.69412e+00
 3.46000e-01 6.67326e-01 6.82754e-01 6.69898e-01 6.73717e-01 6.71191e-01 6.87087e-01
 3.46000e-01 -2.98500e+00 -2.73632e+00 -2.99356e+00 -2.93845e+00 -2.91530e+00 -2.69660e+00
 3.48000e-01 6.61351e-01 6.77283e-01 6.63899e-01 6.67828e-01 6.65358e-01 6.81692e-01
 3.48000e-01 -2.99054e+00 -2.73542e+00 -3.00556e+00 -2.95131e+00 -2.91720e+00 -2.69850e+00
 3.50000e-01 6.55365e-01 6.71813e-01 6.57876e-01 6.61912e-01 6.59522e-01 6.76293e-01
 3.50000e-01 -2.99521e+00 -2.73348e+00 -3.01751e+00 -2.96438e+00 -2.91798e+00 -2.69980e+00
 3.52000e-01 6.49370e-01 6.66349e-01 6.51829e-01 6.55970e-01 6.53687e-01 6.70893e-01
 3.52000e-01 -2.99899e+00 -2.73044e+00 -3.02948e+00 -2.97773e+00 -2.91761e+00 -2.70047e+00
 3.54000e-01 6.43370e-01 6.60892e-01 6.45758e-01 6.50001e-01 6.47853e-01 6.65492e-01
 3.54000e-01 -3.00182e+00 -2.72622e+00 -3.04154e+00 -2.99144e+00 -2.91601e+00 -2.70050e+00
 3.56000e-01 6.37364e-01 6.55445e-01 6.39662e-01 6.44004e-01 6.42023e-01 6.60091e-01
 3.56000e-01 -3.00365e+00 -2.72075e+00 -3.05377e+00 -3.00563e+00 -2.91312e+00 -2.69986e+00
 3.58000e-01 6.31356e-01 6.50010e-01 6.33543e-01 6.37978e-01 6.36201e-01 6.54693e-01
 3.58000e-01 -3.00441e+00 -2.71397e+00 -3.06627e+00 -3.02042e+00 -2.90882e+00 -2.69854e+00
 3.60000e-01 6.25347e-01 6.44590e-01 6.27397e-01 6.31922e-01 6.30389e-01 6.49297e-01
 3.60000e-01 -3.00401e+00 -2.70572e+00 -3.07907e+00 -3.03596e+00 -2.90301e+00 -2.69656e+00
 3.62000e-01 6.19340e-01 6.39188e-01 6.21226e-01 6.25833e-01 6.24590e-01 6.43907e-01
 3.62000e-01 -3.00233e+00 -2.69594e+00 -3.09236e+00 -3.05248e+00 -2.89551e+00 -2.69392e+00
 3.64000e-01 6.13339e-01 6.33808e-01 6.15028e-01 6.19711e-01 6.18808e-01 6.38522e-01
 3.64000e-01 -2.99932e+00 -2.68451e+00 -3.10629e+00 -3.07016e+00 -2.88627e+00 -2.69061e+00
 3.66000e-01 6.07344e-01 6.28452e-01 6.08800e-01 6.13552e-01 6.13047e-01 6.33145e-01
 3.66000e-01 -2.99487e+00 -2.67124e+00 -3.12093e+00 -3.08925e+00 -2.87515e+00 -2.68666e+00
 3.68000e-01 6.01360e-01 6.23124e-01 6.02543e-01 6.07353e-01 6.07309e-01 6.27776e-01
 3.68000e-01 -2.98877e+00 -2.65599e+00 -3.13651e+00 -3.11011e+00 -2.86186e+00 -2.68212e+00
 3.70000e-01 5.95390e-01 6.17829e-01 5.96254e-01 6.01110e-01 6.01601e-01 6.22417e-01
 3.70000e-01 -2.98082e+00 -2.63856e+00 -3.15326e+00 -3.13314e+00 -2.84619e+00 -2.67701e+00
 3.72000e-01 5.89438e-01 6.12572e-01 5.89929e-01 5.94819e-01 5.95926e-01 6.17068e-01
 3.72000e-01 -2.97073e+00 -2.61868e+00 -3.17139e+00 -3.15882e+00 -2.82776e+00 -2.67140e+00
 3.74000e-01 5.83509e-01 6.07356e-01 5.83567e-01 5.88473e-01 5.90292e-01 6.11731e-01
 3.74000e-01 -2.95819e+00 -2.59608e+00 -3.19124e+00 -3.18771e+00 -2.80626e+00 -2.66533e+00
 3.76000e-01 5.77607e-01 6.02189e-01 5.77163e-01 5.82065e-01 5.84703e-01 6.06407e-01
 3.76000e-01 -2.94295e+00 -2.57046e+00 -3.21328e+00 -3.22049e+00 -2.78134e+00 -2.65887e+00
 3.78000e-01 5.71739e-01 5.97077e-01 5.70712e-01 5.75587e-01 5.79169e-01 6.01096e-01
 3.78000e-01 -2.92455e+00 -2.54143e+00 -3.23805e+00 -3.25803e+00 -2.75252e+00 -2.65214e+00
 3.80000e-01 5.65912e-01 5.92026e-01 5.64208e-01 5.69029e-01 5.73696e-01 5.95799e-01
 3.80000e-01 -2.90250e+00 -2.50852e+00 -3.26624e+00 -3.30142e+00 -2.71926e+00 -2.64527e+00
 3.82000e-01 5.60132e-01 5.87046e-01 5.57644e-01 5.62377e-01 5.68295e-01 5.90515e-01
 3.82000e-01 -2.87597e+00 -2.47108e+00 -3.29862e+00 -3.35202e+00 -2.68066e+00 -2.63844e+00
 3.84000e-01 5.54411e-01 5.82145e-01 5.51010e-01 5.55615e-01 5.62978e-01 5.85245e-01
 3.84000e-01 -2.84399e+00 -2.42835e+00 -3.33632e+00 -3.41161e+00 -2.63572e+00 -2.63186e+00
 3.86000e-01 5.48761e-01 5.77336e-01 5.44295e-01 5.48723e-01 5.57758e-01 5.79987e-01
 3.86000e-01 -2.80527e+00 -2.37935e+00 -3.38074e+00 -3.48256e+00 -2.58317e+00 -2.62594e+00
 3.88000e-01 5.43196e-01 5.72633e-01 5.37482e-01 5.41675e-01 5.52652e-01 5.74740e-01
 3.88000e-01 -2.75782e+00 -2.32274e+00 -3.43382e+00 -3.56805e+00 -2.52110e+00 -2.62114e+00
 3.90000e-01 5.37737e-01 5.68052e-01 5.30552e-01 5.34438e-01 5.47681e-01 5.69501e-01
 3.90000e-01 -2.69868e+00 -2.25665e+00 -3.49811e+00 -3.67254e+00 -2.44680e+00 -2.61812e+00
 3.92000e-01 5.32412e-01 5.63614e-01 5.23479e-01 5.26968e-01 5.42875e-01 5.64266e-01
 3.92000e-01 -2.62324e+00 -2.17848e+00 -3.57728e+00 -3.80252e+00 -2.35627e+00 -2.61797e+00
 3.94000e-01 5.27260e-01 5.59348e-01 5.16229e-01 5.19205e-01 5.38271e-01 5.59026e-01
 3.94000e-01 -2.52388e+00 -2.08431e+00 -3.67679e+00 -3.96803e+00 -2.24326e+00 -2.62246e+00
 3.96000e-01 5.22341e-01 5.55292e-01 5.08753e-01 5.11061e-01 5.33924e-01 5.53771e-01
 3.96000e-01 -2.38699e+00 -1.96797e+00 -3.80532e+00 -4.18587e+00 -2.09746e+00 -2.63511e+00
 3.98000e-01 5.17755e-01 5.51498e-01 5.00979e-01 5.02406e-01 5.29916e-01 5.48475e-01
 3.98000e-01 -2.18499e+00 -1.81874e+00 -3.97793e+00 -4.48782e+00 -1.89982e+00 -2.66421e+00
 4.00000e-01 5.13688e-01 5.48053e-01 4.92793e-01 4.93007e-01 5.26386e-01 5.43087e-01
 4.00000e-01 -1.84846e+00 -1.61448e+00 -4.22436e+00 -4.94857e+00 -1.60834e+00 -2.73639e+00
 4.02000e-01 5.10626e-01 5.45121e-01 4.83985e-01 4.82331e-01 5.23633e-01 5.37410e-01
 4.02000e-01 -1.05911e+00 -1.27587e+00 -4.62266e+00 -5.88315e+00 -1.06759e+00 -3.02346e+00
