0.0048 -9.13354 -9.13357 -9.13353 -9.13353 -9.13357 -9.13354
0.0096 -9.13278 -9.1328 -9.13276 -9.13276 -9.1328 -9.13278
0.0144 -9.1315 -9.13152 -9.13148 -9.13148 -9.13152 -9.1315
0.0192 -9.1297 -9.12972 -9.12968 -9.12968 -9.12972 -9.1297
0.024 -9.12737 -9.1274 -9.12736 -9.12736 -9.1274 -9.12737
0.0288 -9.12452 -9.12455 -9.1245 -9.1245 -9.12455 -9.12452
0.0336 -9.12112 -9.12115 -9.1211 -9.1211 -9.12115 -9.12112
0.0384 -9.11717 -9.1172 -9.11716 -9.11716 -9.1172 -9.11717
0.0432 -9.11266 -9.11269 -9.11264 -9.11264 -9.11269 -9.11266
0.048 -9.10757 -9.1076 -9.10755 -9.10755 -9.1076 -9.10757
0.0528 -9.10188 -9.10191 -9.10186 -9.10186 -9.10191 -9.10188
0.0576 -9.09557 -9.0956 -9.09555 -9.09555 -9.0956 -9.09557
0.0624 -9.08863 -9.08866 -9.0886 -9.0886 -9.08866 -9.08863
0.0672 -9.08102 -9.08105 -9.08099 -9.08099 -9.08105 -9.08102
0.072 -9.07272 -9.07275 -9.07269 -9.07269 -9.07275 -9.07272
0.0768 -9.0637 -9.06374 -9.06367 -9.06367 -9.06374 -9.0637
0.0816 -9.05392 -9.05396 -9.05389 -9.05389 -9.05396 -9.05392
0.0864 -9.04335 -9.0434 -9.04332 -9.04332 -9.0434 -9.04335
0.0912 -9.03195 -9.032 -9.03192 -9.03192 -9.032 -9.03195
0.096 -9.01967 -9.01972 -9.01964 -9.01964 -9.01972 -9.01967
0.1008 -9.00646 -9.00651 -9.00643 -9.00643 -9.00651 -9.00646
0.1056 -8.99227 -8.99232 -8.99223 -8.99223 -8.99232 -8.99227
0.1104 -8.97703 -8.97709 -8.97699 -8.97699 -8.97709 -8.97703
0.1152 -8.96068 -8.96074 -8.96063 -8.96063 -8.96074 -8.96068
0.12 -8.94314 -8.94321 -8.94309 -8.94309 -8.94321 -8.94314
0.1248 -8.92433 -8.9244 -8.92428 -8.92428 -8.9244 -8.92433
0.1296 -8.90416 -8.90424 -8.90411 -8.90411 -8.90424 -8.90416
0.1344 -8.88254 -8.88262 -8.88248 -8.88248 -8.88262 -8.88254
0.1392 -8.85934 -8.85942 -8.85927 -8.85927 -8.85942 -8.85934
0.144 -8.83444 -8.83453 -8.83437 -8.83437 -8.83453 -8.83444
0.1488 -8.80772 -8.80782 -8.80764 -8.80764 -8.80782 -8.80772
0.1536 -8.77901 -8.77912 -8.77893 -8.77893 -8.77912 -8.77901
0.1584 -8.74815 -8.74827 -8.74806 -8.74806 -8.74827 -8.74815
0.1632 -8.71495 -8.71508 -8.71486 -8.71486 -8.71508 -8.71495
0.168 -8.67921 -8.67934 -8.6791 -8.6791 -8.67934 -8.67921
0.1728 -8.64068 -8.64082 -8.64056 -8.64056 -8.64082 -8.64068
0.1776 -8.59911 -8.59927 -8.59898 -8.59898 -8.59927 -8.59911
0.1824 -8.5542 -8.55437 -8.55406 -8.55406 -8.55437 -8.5542
0.1872 -8.50563 -8.50582 -8.50548 -8.50548 -8.50582 -8.50563
0.192 -8.45303 -8.45323 -8.45287 -8.45287 -8.45323 -8.45303
0.1968 -8.39598 -8.3962 -8.3958 -8.3958 -8.3962 -8.39598
0.2016 -8.33402 -8.33426 -8.33383 -8.33383 -8.33426 -8.33402
0.2064 -8.26663 -8.26688 -8.26641 -8.26641 -8.26688 -8.26663
0.2112 -8.1932 -8.19348 -8.19296 -8.19296 -8.19348 -8.1932
0.216 -8.11307 -8.11337 -8.1128 -8.1128 -8.11337 -8.11307
0.2208 -8.02547 -8.0258 -8.02518 -8.02518 -8.0258 -8.02547
0.2256 -7.92955 -7.92991 -7.92923 -7.92923 -7.92991 -7.92955
0.2304 -7.82432 -7.82472 -7.82397 -7.82397 -7.82472 -7.82432
0.2352 -7.70867 -7.70911 -7.70829 -7.70829 -7.70911 -7.70867
0.24 -7.58135 -7.58183 -7.58092 -7.58092 -7.58183 -7.58135
0.2448 -7.4409 -7.44143 -7.44043 -7.44043 -7.44143 -7.4409
0.2496 -7.2857 -7.28627 -7.28517 -7.28517 -7.28627 -7.2857
0.2544 -7.11388 -7.1145 -7.11329 -7.11329 -7.1145 -7.11388
0.2592 -6.92331 -6.92399 -6.92265 -6.92265 -6.92399 -6.92331
0.264 -6.71157 -6.71233 -6.71084 -6.71084 -6.71233 -6.71157
0.2688 -6.47594 -6.47677 -6.47512 -6.47512 -6.47677 -6.47594
0.2736 -6.21328 -6.21419 -6.21236 -6.21236 -6.21419 -6.21328
0.2784 -5.92007 -5.92107 -5.91905 -5.91905 -5.92107 -5.92007
0.2832 -5.59234 -5.59343 -5.59119 -5.59119 -5.59343 -5.59234
0.288 -5.22561 -5.22681 -5.22431 -5.22431 -5.22681 -5.22561
0.2928 -4.8149 -4.81621 -4.81343 -4.81343 -4.81621 -4.8149
0.2976 -4.35466 -4.3561 -4.35301 -4.35301 -4.3561 -4.35466
0.3024 -3.83884 -3.84041 -3.83696 -3.83696 -3.84041 -3.83884
0.3072 -3.26085 -3.26256 -3.25872 -3.25872 -3.26256 -3.26085
0.312 -2.61369 -2.61556 -2.61127 -2.61127 -2.61556 -2.61369
0.3168 -1.8901 -1.89214 -1.88734 -1.88734 -1.89214 -1.8901
0.3216 -1.08272 -1.08494 -1.07958 -1.07958 -1.08494 -1.08272
0.3264 -0.18452 -0.186932 -0.180939 -0.180939 -0.186932 -0.18452
0.3312 0.810803 0.808188 0.814893 0.814893 0.808188 0.810803
0.336 1.90818 1.90535 1.91285 1.91285 1.90535 1.90818
0.3408 3.11038 3.10733 3.11573 3.11573 3.10733 3.11038
0.3456 4.41715 4.41387 4.42325 4.42325 4.41387 4.41715
0.3504 5.82413 5.82061 5.8311 5.8311 5.82061 5.82413
0.3552 7.32191 7.31816 7.32986 7.32986 7.31816 7.32191
0.36 8.89513 8.89113 8.90417 8.90417 8.89113 8.89513
0.3648 10.5219 10.5177 10.5322 10.5322 10.5177 10.5219
0.3696 12.174 12.1695 12.1856 12.1856 12.1695 12.174
0.3744 13.8171 13.8125 13.8302 13.8302 13.8125 13.8171
0.3792 15.4132 15.4083 15.4278 15.4278 15.4083 15.4132
0.384 16.9219 16.9168 16.9382 16.9382 16.9168 16.9219
0.3888 18.3042 18.299 18.3223 18.3223 18.299 18.3042
0.3936 19.5255 19.5203 19.5455 19.5455 19.5203 19.5255
0.3984 20.5582 20.553 20.5802 20.5802 20.553 20.5582
0.4032 21.3841 21.3791 21.4083 21.4083 21.3791 21.3841
0.408 21.9955 21.9908 22.0219 22.0219 21.9908 21.9955
0.4128 22.395 22.3908 22.4237 22.4237 22.3908 22.395
0.4176 22.5944 22.5911 22.6256 22.6256 22.5911 22.5944
0.4224 22.6127 22.6107 22.6466 22.6466 22.6107 22.6127
0.4272 22.4741 22.4739 22.5107 22.5107 22.4739 22.4741
0.432 22.2053 22.2074 22.2448 22.2448 22.2074 22.2053
0.4368 21.8334 21.8385 21.8759 21.8759 21.8385 21.8334
0.4416 21.3847 21.3937 21.4303 21.4303 21.3937 21.3847
0.4464 20.8833 20.8969 20.932 20.932 20.8969 20.8833
0.4512 20.3505 20.3696 20.4023 20.4023 20.3696 20.3505
0.456 19.8044 19.8296 19.8593 19.8593 19.8296 19.8044
0.4608 19.2603 19.2921 19.3181 19.3181 19.2921 19.2603
0.4656 18.7305 18.7689 18.7909 18.7909 18.7689 18.7305
0.4704 18.2245 18.2692 18.2874 18.2874 18.2692 18.2245
0.4752 17.7499 17.8 17.8148 17.8148 17.8 17.7499
0.48 17.312 17.3662 17.3787 17.3787 17.3662 17.312
