0.002 -9.13376 -9.13378 -9.13374 -9.13374 -9.13378 -9.13376
0.004 -9.13362 -9.13365 -9.13361 -9.13361 -9.13365 -9.13362
0.006 -9.1334 -9.13343 -9.13338 -9.13338 -9.13343 -9.1334
0.008 -9.13309 -9.13312 -9.13307 -9.13307 -9.13312 -9.13309
0.01 -9.13269 -9.13272 -9.13267 -9.13267 -9.13272 -9.13269
0.012 -9.1322 -9.13223 -9.13218 -9.13218 -9.13223 -9.1322
0.014 -9.13162 -9.13165 -9.13161 -9.13161 -9.13165 -9.13162
0.016 -9.13095 -9.13098 -9.13094 -9.13094 -9.13098 -9.13095
0.018 -9.1302 -9.13022 -9.13018 -9.13018 -9.13022 -9.1302
0.02 -9.12935 -9.12937 -9.12933 -9.12933 -9.12937 -9.12935
0.022 -9.12841 -9.12843 -9.12839 -9.12839 -9.12843 -9.12841
0.024 -9.12737 -9.1274 -9.12736 -9.12736 -9.1274 -9.12737
0.026 -9.12625 -9.12628 -9.12623 -9.12623 -9.12628 -9.12625
0.028 -9.12503 -9.12506 -9.12501 -9.12501 -9.12506 -9.12503
0.03 -9.12372 -9.12375 -9.1237 -9.1237 -9.12375 -9.12372
0.032 -9.12232 -9.12234 -9.1223 -9.1223 -9.12234 -9.12232
0.034 -9.12081 -9.12084 -9.1208 -9.1208 -9.12084 -9.12081
0.036 -9.11922 -9.11925 -9.1192 -9.1192 -9.11925 -9.11922
0.038 -9.11753 -9.11755 -9.11751 -9.11751 -9.11755 -9.11753
0.04 -9.11573 -9.11576 -9.11571 -9.11571 -9.11576 -9.11573
0.042 -9.11384 -9.11387 -9.11382 -9.11382 -9.11387 -9.11384
0.044 -9.11185 -9.11188 -9.11183 -9.11183 -9.11188 -9.11185
0.046 -9.10976 -9.10979 -9.10974 -9.10974 -9.10979 -9.10976
0.048 -9.10757 -9.1076 -9.10755 -9.10755 -9.1076 -9.10757
0.05 -9.10527 -9.1053 -9.10525 -9.10525 -9.1053 -9.10527
0.052 -9.10287 -9.1029 -9.10285 -9.10285 -9.1029 -9.10287
0.054 -9.10036 -9.10039 -9.10034 -9.10034 -9.10039 -9.10036
0.056 -9.09774 -9.09778 -9.09772 -9.09772 -9.09778 -9.09774
0.058 -9.09502 -9.09505 -9.095 -9.095 -9.09505 -9.09502
0.06 -9.09218 -9.09221 -9.09216 -9.09216 -9.09221 -9.09218
0.062 -9.08923 -9.08926 -9.08921 -9.08921 -9.08926 -9.08923
0.064 -9.08617 -9.0862 -9.08614 -9.08614 -9.0862 -9.08617
0.066 -9.08298 -9.08302 -9.08296 -9.08296 -9.08302 -9.08298
0.068 -9.07968 -9.07972 -9.07966 -9.07966 -9.07972 -9.07968
0.07 -9.07626 -9.0763 -9.07624 -9.07624 -9.0763 -9.07626
0.072 -9.07272 -9.07275 -9.07269 -9.07269 -9.07275 -9.07272
0.074 -9.06905 -9.06909 -9.06902 -9.06902 -9.06909 -9.06905
0.076 -9.06525 -9.06529 -9.06523 -9.06523 -9.06529 -9.06525
0.078 -9.06133 -9.06136 -9.0613 -9.0613 -9.06136 -9.06133
0.08 -9.05727 -9.05731 -9.05724 -9.05724 -9.05731 -9.05727
0.082 -9.05307 -9.05311 -9.05304 -9.05304 -9.05311 -9.05307
0.084 -9.04874 -9.04878 -9.04871 -9.04871 -9.04878 -9.04874
0.086 -9.04427 -9.04431 -9.04423 -9.04423 -9.04431 -9.04427
0.088 -9.03965 -9.03969 -9.03962 -9.03962 -9.03969 -9.03965
0.09 -9.03488 -9.03493 -9.03485 -9.03485 -9.03493 -9.03488
0.092 -9.02997 -9.03001 -9.02993 -9.02993 -9.03001 -9.02997
0.094 -9.0249 -9.02495 -9.02486 -9.02486 -9.02495 -9.0249
0.096 -9.01967 -9.01972 -9.01964 -9.01964 -9.01972 -9.01967
0.098 -9.01428 -9.01433 -9.01425 -9.01425 -9.01433 -9.01428
0.1 -9.00873 -9.00878 -9.00869 -9.00869 -9.00878 -9.00873
0.102 -9.00301 -9.00306 -9.00297 -9.00297 -9.00306 -9.00301
0.104 -8.99711 -8.99717 -8.99708 -8.99708 -8.99717 -8.99711
0.106 -8.99104 -8.99109 -8.991 -8.991 -8.99109 -8.99104
0.108 -8.98479 -8.98484 -8.98474 -8.98474 -8.98484 -8.98479
0.11 -8.97834 -8.9784 -8.9783 -8.9783 -8.9784 -8.97834
0.112 -8.97171 -8.97177 -8.97166 -8.97166 -8.97177 -8.97171
0.114 -8.96488 -8.96494 -8.96483 -8.96483 -8.96494 -8.96488
0.116 -8.95784 -8.9579 -8.95779 -8.95779 -8.9579 -8.95784
0.118 -8.9506 -8.95066 -8.95055 -8.95055 -8.95066 -8.9506
0.12 -8.94314 -8.94321 -8.94309 -8.94309 -8.94321 -8.94314
0.122 -8.93546 -8.93553 -8.93541 -8.93541 -8.93553 -8.93546
0.124 -8.92756 -8.92763 -8.92751 -8.92751 -8.92763 -8.92756
0.126 -8.91942 -8.91949 -8.91937 -8.91937 -8.91949 -8.91942
0.128 -8.91104 -8.91112 -8.91099 -8.91099 -8.91112 -8.91104
0.13 -8.90242 -8.90249 -8.90236 -8.90236 -8.90249 -8.90242
0.132 -8.89354 -8.89362 -8.89348 -8.89348 -8.89362 -8.89354
0.134 -8.8844 -8.88448 -8.88434 -8.88434 -8.88448 -8.8844
0.136 -8.87498 -8.87506 -8.87492 -8.87492 -8.87506 -8.87498
0.138 -8.86529 -8.86537 -8.86523 -8.86523 -8.86537 -8.86529
0.14 -8.85531 -8.85539 -8.85524 -8.85524 -8.85539 -8.85531
0.142 -8.84503 -8.84512 -8.84496 -8.84496 -8.84512 -8.84503
0.144 -8.83444 -8.83453 -8.83437 -8.83437 -8.83453 -8.83444
0.146 -8.82354 -8.82363 -8.82346 -8.82346 -8.82363 -8.82354
0.148 -8.81231 -8.8124 -8.81223 -8.81223 -8.8124 -8.81231
0.15 -8.80073 -8.80083 -8.80065 -8.80065 -8.80083 -8.80073
0.152 -8.78881 -8.78891 -8.78873 -8.78873 -8.78891 -8.78881
0.154 -8.77652 -8.77663 -8.77644 -8.77644 -8.77663 -8.77652
0.156 -8.76386 -8.76397 -8.76377 -8.76377 -8.76397 -8.76386
0.158 -8.75081 -8.75092 -8.75072 -8.75072 -8.75092 -8.75081
0.16 -8.73736 -8.73747 -8.73726 -8.73726 -8.73747 -8.73736
0.162 -8.72348 -8.7236 -8.72339 -8.72339 -8.7236 -8.72348
0.164 -8.70918 -8.7093 -8.70908 -8.70908 -8.7093 -8.70918
0.166 -8.69443 -8.69455 -8.69432 -8.69432 -8.69455 -8.69443
0.168 -8.67921 -8.67934 -8.6791 -8.6791 -8.67934 -8.67921
0.17 -8.66351 -8.66364 -8.6634 -8.6634 -8.66364 -8.66351
0.172 -8.64731 -8.64745 -8.64719 -8.64719 -8.64745 -8.64731
0.174 -8.63058 -8.63073 -8.63046 -8.63046 -8.63073 -8.63058
0.176 -8.61332 -8.61347 -8.6132 -8.6132 -8.61347 -8.61332
0.178 -8.5955 -8.59566 -8.59537 -8.59537 -8.59566 -8.5955
0.18 -8.57709 -8.57726 -8.57696 -8.57696 -8.57726 -8.57709
0.182 -8.55808 -8.55825 -8.55794 -8.55794 -8.55825 -8.55808
0.184 -8.53844 -8.53861 -8.53829 -8.53829 -8.53861 -8.53844
0.186 -8.51814 -8.51832 -8.51799 -8.51799 -8.51832 -8.51814
0.188 -8.49716 -8.49734 -8.497 -8.497 -8.49734 -8.49716
0.19 -8.47546 -8.47566 -8.47531 -8.47531 -8.47566 -8.47546
0.192 -8.45303 -8.45323 -8.45287 -8.45287 -8.45323 -8.45303
0.194 -8.42983 -8.43003 -8.42966 -8.42966 -8.43003 -8.42983
0.196 -8.40582 -8.40603 -8.40564 -8.40564 -8.40603 -8.40582
0.198 -8.38097 -8.3812 -8.38079 -8.38079 -8.3812 -8.38097
0.2 -8.35525 -8.35548 -8.35506 -8.35506 -8.35548 -8.35525
0.202 -8.32862 -8.32886 -8.32842 -8.32842 -8.32886 -8.32862
0.204 -8.30104 -8.30129 -8.30083 -8.30083 -8.30129 -8.30104
0.206 -8.27247 -8.27272 -8.27225 -8.27225 -8.27272 -8.27247
0.208 -8.24285 -8.24312 -8.24263 -8.24263 -8.24312 -8.24285
0.21 -8.21216 -8.21243 -8.21192 -8.21192 -8.21243 -8.21216
0.212 -8.18033 -8.18061 -8.18009 -8.18009 -8.18061 -8.18033
0.214 -8.14732 -8.14761 -8.14706 -8.14706 -8.14761 -8.14732
0.216 -8.11307 -8.11337 -8.1128 -8.1128 -8.11337 -8.11307
0.218 -8.07752 -8.07784 -8.07725 -8.07725 -8.07784 -8.07752
0.22 -8.04062 -8.04095 -8.04034 -8.04034 -8.04095 -8.04062
0.222 -8.00231 -8.00265 -8.00201 -8.00201 -8.00265 -8.00231
0.224 -7.9625 -7.96286 -7.9622 -7.9622 -7.96286 -7.9625
0.226 -7.92115 -7.92152 -7.92083 -7.92083 -7.92152 -7.92115
0.228 -7.87816 -7.87854 -7.87783 -7.87783 -7.87854 -7.87816
0.23 -7.83347 -7.83387 -7.83312 -7.83312 -7.83387 -7.83347
0.232 -7.78699 -7.7874 -7.78662 -7.78662 -7.7874 -7.78699
0.234 -7.73863 -7.73906 -7.73825 -7.73825 -7.73906 -7.73863
0.236 -7.6883 -7.68874 -7.68791 -7.68791 -7.68874 -7.6883
0.238 -7.63591 -7.63637 -7.6355 -7.6355 -7.63637 -7.63591
0.24 -7.58135 -7.58183 -7.58092 -7.58092 -7.58183 -7.58135
0.242 -7.52451 -7.52501 -7.52406 -7.52406 -7.52501 -7.52451
0.244 -7.46529 -7.46581 -7.46482 -7.46482 -7.46581 -7.46529
0.246 -7.40356 -7.40409 -7.40307 -7.40307 -7.40409 -7.40356
0.248 -7.33919 -7.33974 -7.33867 -7.33867 -7.33974 -7.33919
0.25 -7.27204 -7.27262 -7.27151 -7.27151 -7.27262 -7.27204
0.252 -7.20199 -7.20259 -7.20143 -7.20143 -7.20259 -7.20199
0.254 -7.12888 -7.1295 -7.1283 -7.1283 -7.1295 -7.12888
0.256 -7.05255 -7.0532 -7.05194 -7.05194 -7.0532 -7.05255
0.258 -6.97283 -6.97351 -6.97219 -6.97219 -6.97351 -6.97283
0.26 -6.88956 -6.89026 -6.88889 -6.88889 -6.89026 -6.88956
0.262 -6.80254 -6.80326 -6.80184 -6.80184 -6.80326 -6.80254
0.264 -6.71157 -6.71233 -6.71084 -6.71084 -6.71233 -6.71157
0.266 -6.61647 -6.61725 -6.6157 -6.6157 -6.61725 -6.61647
0.268 -6.517 -6.51781 -6.51619 -6.51619 -6.51781 -6.517
0.27 -6.41294 -6.41378 -6.4121 -6.4121 -6.41378 -6.41294
0.272 -6.30404 -6.30492 -6.30316 -6.30316 -6.30492 -6.30404
0.274 -6.19006 -6.19098 -6.18914 -6.18914 -6.19098 -6.19006
0.276 -6.07073 -6.07168 -6.06976 -6.06976 -6.07168 -6.07073
0.278 -5.94577 -5.94676 -5.94475 -5.94475 -5.94676 -5.94577
0.28 -5.81488 -5.8159 -5.81381 -5.81381 -5.8159 -5.81488
0.282 -5.67775 -5.67881 -5.67663 -5.67663 -5.67881 -5.67775
0.284 -5.53406 -5.53516 -5.53288 -5.53288 -5.53516 -5.53406
0.286 -5.38346 -5.38462 -5.38223 -5.38223 -5.38462 -5.38346
0.288 -5.22561 -5.22681 -5.22431 -5.22431 -5.22681 -5.22561
0.29 -5.06013 -5.06137 -5.05877 -5.05877 -5.06137 -5.06013
0.292 -4.88663 -4.88792 -4.8852 -4.8852 -4.88792 -4.88663
0.294 -4.70471 -4.70605 -4.7032 -4.7032 -4.70605 -4.70471
0.296 -4.51394 -4.51533 -4.51235 -4.51235 -4.51533 -4.51394
0.298 -4.31389 -4.31533 -4.31221 -4.31221 -4.31533 -4.31389
0.3 -4.1041 -4.1056 -4.10234 -4.10234 -4.1056 -4.1041
0.302 -3.8841 -3.88566 -3.88225 -3.88225 -3.88566 -3.8841
0.304 -3.65342 -3.65504 -3.65146 -3.65146 -3.65504 -3.65342
0.306 -3.41155 -3.41323 -3.40949 -3.40949 -3.41323 -3.41155
0.308 -3.15799 -3.15973 -3.15581 -3.15581 -3.15973 -3.15799
0.31 -2.89221 -2.89401 -2.88992 -2.88992 -2.89401 -2.89221
0.312 -2.61369 -2.61556 -2.61127 -2.61127 -2.61556 -2.61369
0.314 -2.32191 -2.32385 -2.31935 -2.31935 -2.32385 -2.32191
0.316 -2.01632 -2.01833 -2.01362 -2.01362 -2.01833 -2.01632
0.318 -1.69639 -1.69847 -1.69354 -1.69354 -1.69847 -1.69639
0.32 -1.3616 -1.36376 -1.3586 -1.3586 -1.36376 -1.3616
0.322 -1.01143 -1.01367 -1.00826 -1.00826 -1.01367 -1.01143
0.324 -0.645391 -0.647706 -0.642039 -0.642039 -0.647706 -0.645391
0.326 -0.263 -0.265395 -0.259458 -0.259458 -0.265395 -0.263
0.328 0.136185 0.133706 0.139928 0.139928 0.133706 0.136185
0.33 0.552567 0.550004 0.556524 0.556524 0.550004 0.552567
0.332 0.986505 0.983855 0.990688 0.990688 0.983855 0.986505
0.334 1.4383 1.43556 1.44272 1.44272 1.43556 1.4383
0.336 1.90818 1.90535 1.91285 1.91285 1.90535 1.90818
0.338 2.39629 2.39337 2.40123 2.40123 2.39337 2.39629
0.34 2.9027 2.89969 2.90793 2.90793 2.89969 2.9027
0.342 3.42736 3.42426 3.43289 3.43289 3.42426 3.42736
0.344 3.97011 3.96691 3.97596 3.97596 3.96691 3.97011
0.346 4.53066 4.52736 4.53684 4.53684 4.52736 4.53066
0.348 5.10857 5.10517 5.1151 5.1151 5.10517 5.10857
0.35 5.70325 5.69975 5.71014 5.71014 5.69975 5.70325
0.352 6.31393 6.31034 6.32122 6.32122 6.31034 6.31393
0.354 6.93969 6.93599 6.94738 6.94738 6.93599 6.93969
0.356 7.57939 7.57559 7.58751 7.58751 7.57559 7.57939
0.358 8.23171 8.22781 8.24028 8.24028 8.22781 8.23171
0.36 8.89513 8.89113 8.90417 8.90417 8.89113 8.89513
0.362 9.56793 9.56384 9.57746 9.57746 9.56384 9.56793
0.364 10.2482 10.244 10.2582 10.2582 10.244 10.2482
0.366 10.9338 10.9295 10.9444 10.9444 10.9295 10.9338
0.368 11.6225 11.6181 11.6336 11.6336 11.6181 11.6225
0.37 12.3117 12.3073 12.3234 12.3234 12.3073 12.3117
0.372 12.999 12.9944 13.0113 13.0113 12.9944 12.999
0.374 13.6815 13.6768 13.6944 13.6944 13.6768 13.6815
0.376 14.3564 14.3516 14.3699 14.3699 14.3516 14.3564
0.378 15.0208 15.0159 15.035 15.035 15.0159 15.0208
0.38 15.6718 15.6668 15.6867 15.6867 15.6668 15.6718
0.382 16.3064 16.3014 16.322 16.322 16.3014 16.3064
0.384 16.9219 16.9168 16.9382 16.9382 16.9168 16.9219
0.386 17.5153 17.5102 17.5324 17.5324 17.5102 17.5153
0.388 18.0841 18.079 18.102 18.102 18.079 18.0841
0.39 18.6259 18.6207 18.6444 18.6444 18.6207 18.6259
0.392 19.1382 19.133 19.1576 19.1576 19.133 19.1382
0.394 19.6191 19.6139 19.6393 19.6393 19.6139 19.6191
0.396 20.0668 20.0616 20.0878 20.0878 20.0616 20.0668
0.398 20.4799 20.4747 20.5017 20.5017 20.4747 20.4799
0.4 20.8571 20.8519 20.8798 20.8798 20.8519 20.8571
0.402 21.1976 21.1925 21.2212 21.2212 21.1925 21.1976
0.404 21.501 21.496 21.5255 21.5255 21.496 21.501
0.406 21.7669 21.762 21.7923 21.7923 21.762 21.7669
0.408 21.9955 21.9908 22.0219 22.0219 21.9908 21.9955
0.41 22.1872 22.1827 22.2146 22.2146 22.1827 22.1872
0.412 22.3427 22.3385 22.3711 22.3711 22.3385 22.3427
0.414 22.4629 22.459 22.4923 22.4923 22.459 22.4629
0.416 22.5491 22.5455 22.5795 22.5795 22.5455 22.5491
0.418 22.6025 22.5993 22.6339 22.6339 22.5993 22.6025
0.42 22.6248 22.6221 22.6573 22.6573 22.6221 22.6248
0.422 22.6175 22.6154 22.6512 22.6512 22.6154 22.6175
0.424 22.5827 22.5812 22.6174 22.6174 22.5812 22.5827
0.426 22.5221 22.5213 22.558 22.558 22.5213 22.5221
0.428 22.4376 22.4377 22.4747 22.4747 22.4377 22.4376
0.43 22.3314 22.3324 22.3696 22.3696 22.3324 22.3314
0.432 22.2053 22.2074 22.2448 22.2448 22.2074 22.2053
0.434 22.0613 22.0646 22.102 22.102 22.0646 22.0613
0.436 21.9014 21.906 21.9434 21.9434 21.906 21.9014
0.438 21.7274 21.7335 21.7707 21.7707 21.7335 21.7274
0.44 21.5412 21.5489 21.5858 21.5858 21.5489 21.5412
0.442 21.3446 21.3539 21.3905 21.3905 21.3539 21.3446
0.444 21.1392 21.1504 21.1863 21.1863 21.1504 21.1392
0.446 20.9265 20.9398 20.975 20.975 20.9398 20.9265
0.448 20.7082 20.7236 20.758 20.758 20.7236 20.7082
0.45 20.4856 20.5032 20.5366 20.5366 20.5032 20.4856
0.452 20.2599 20.28 20.3123 20.3123 20.28 20.2599
0.454 20.0325 20.0551 20.0862 20.0862 20.0551 20.0325
0.456 19.8044 19.8296 19.8593 19.8593 19.8296 19.8044
0.458 19.5767 19.6046 19.6328 19.6328 19.6046 19.5767
0.46 19.3503 19.381 19.4076 19.4076 19.381 19.3503
0.462 19.1261 19.1595 19.1846 19.1846 19.1595 19.1261
0.464 18.9048 18.9411 18.9644 18.9644 18.9411 18.9048
0.466 18.6872 18.7262 18.7479 18.7479 18.7262 18.6872
0.468 18.4739 18.5156 18.5356 18.5356 18.5156 18.4739
0.47 18.2655 18.3097 18.3282 18.3282 18.3097 18.2655
0.472 18.0624 18.1091 18.126 18.126 18.1091 18.0624
0.474 17.8652 17.914 17.9296 17.9296 17.914 17.8652
0.476 17.6741 17.725 17.7394 17.7394 17.725 17.6741
0.478 17.4896 17.5423 17.5556 17.5556 17.5423 17.4896
0.48 17.3119 17.3661 17.3787 17.3787 17.3661 17.3119
0.482 17.1413 17.1967 17.2087 17.2087 17.1967 17.1413
0.484 16.978 17.0343 17.0459 17.0459 17.0343 16.978
0.486 16.8223 16.8794 16.8909 16.8909 16.8794 16.8223
