0.01 0.0504582 0.0599924 0.104769 0.0432314 -0.0269866 0.014434 0.139475 0.113041 0.0466185 0.0541323 0.0598732 0.111408 0.00879781 -0.0912615 -0.0912517 -0.091318 -0.0913348 -0.0912586
0.02 0.0348185 0.0370489 0.139562 0.0777374 -0.0503029 -0.001347 0.170989 0.140151 0.0430808 0.0581374 0.03355 0.0806415 -0.0822509 -0.182525 -0.182436 -0.182579 -0.182696 -0.182655
0.03 0.0192347 0.014085 0.1749 0.112601 -0.0738444 -0.0171719 0.203041 0.16779 0.0396631 0.0623236 0.00724318 0.04999 -0.173122 -0.273767 -0.27353 -0.27376 -0.274062 -0.274167
0.04 0.003619 -0.00902444 0.210956 0.147991 -0.0977391 -0.0331297 0.235783 0.196091 0.0363513 0.06671 -0.0191688 0.0193087 -0.263791 -0.364965 -0.364508 -0.364837 -0.36541 -0.365774
0.05 -0.0121179 -0.0324089 0.247912 0.184085 -0.12212 -0.0493122 0.269371 0.225191 0.0331318 0.0713169 -0.0458099 -0.01155 -0.354231 -0.456094 -0.455346 -0.455787 -0.456716 -0.457454
0.06 -0.0280689 -0.0562038 0.285959 0.221066 -0.147125 -0.0658148 0.303968 0.255238 0.0299915 0.0761659 -0.0728079 -0.0427379 -0.444412 -0.547129 -0.546016 -0.546581 -0.547956 -0.549185
0.07 -0.0443313 -0.080553 0.325297 0.259129 -0.172904 -0.0827383 0.33975 0.286386 0.026917 0.0812808 -0.100296 -0.0744135 -0.534305 -0.638041 -0.636487 -0.637192 -0.639104 -0.640945
0.08 -0.0610093 -0.105611 0.366145 0.298481 -0.199614 -0.100191 0.376898 0.318803 0.0238952 0.0866868 -0.128414 -0.106744 -0.623874 -0.728802 -0.726729 -0.72759 -0.730132 -0.732713
0.09 -0.0782153 -0.131546 0.408737 0.339345 -0.227429 -0.118289 0.415611 0.352671 0.0209123 0.0924115 -0.157312 -0.139907 -0.713083 -0.819379 -0.816705 -0.81774 -0.821011 -0.824461
0.1 -0.0960725 -0.158543 0.453326 0.381962 -0.256536 -0.137161 0.456101 0.388186 0.017954 0.0984845 -0.187149 -0.174096 -0.801891 -0.909735 -0.906377 -0.907607 -0.911707 -0.916166
0.11 -0.114717 -0.186809 0.500192 0.426595 -0.287146 -0.156949 0.498598 0.425562 0.0150051 0.104938 -0.218101 -0.20952 -0.890253 -0.99983 -0.995699 -0.997148 -1.00218 -1.0078
0.12 -0.134303 -0.216573 0.549639 0.473536 -0.319491 -0.177812 0.543354 0.465037 0.0120487 0.111806 -0.250356 -0.24641 -0.978117 -1.08962 -1.08462 -1.08632 -1.0924 -1.09932
0.13 -0.155003 -0.2481 0.602007 0.523103 -0.353833 -0.199929 0.590643 0.50687 0.00906634 0.119127 -0.284126 -0.28502 -1.06543 -1.17904 -1.17309 -1.17506 -1.1823 -1.19069
0.14 -0.177016 -0.28169 0.657671 0.575653 -0.390469 -0.223506 0.640765 0.551349 0.00603677 0.126939 -0.319643 -0.325638 -1.15212 -1.26805 -1.26104 -1.26332 -1.27183 -1.28188
0.15 -0.20057 -0.317688 0.71705 0.631584 -0.429737 -0.248777 0.694053 0.598791 0.00293561 0.135285 -0.357166 -0.368586 -1.23813 -1.35655 -1.34839 -1.35103 -1.36094 -1.37283
0.16 -0.225933 -0.356497 0.780615 0.691343 -0.472026 -0.276015 0.750872 0.649553 -0.000265685 0.144211 -0.39699 -0.414231 -1.32336 -1.44448 -1.43505 -1.43811 -1.44953 -1.46347
0.17 -0.253417 -0.398589 0.84889 0.755432 -0.517783 -0.305539 0.811628 0.704026 -0.00360086 0.153764 -0.439443 -0.462992 -1.40774 -1.53171 -1.52092 -1.52446 -1.53752 -1.55373
0.18 -0.283393 -0.444518 0.92247 0.824423 -0.567529 -0.337721 0.876771 0.76265 -0.00711012 0.163992 -0.484902 -0.515348 -1.49114 -1.61814 -1.60587 -1.60997 -1.6248 -1.64352
0.19 -0.3163 -0.494942 1.00202 0.898961 -0.621872 -0.373003 0.9468 0.825914 -0.0108416 0.174948 -0.533793 -0.571856 -1.57344 -1.7036 -1.68976 -1.6945 -1.71124 -1.73273
0.2 -0.352668 -0.550644 1.08831 0.979782 -0.681526 -0.411913 1.02227 0.89436 -0.014853 0.18668 -0.586602 -0.633159 -1.6545 -1.78791 -1.7724 -1.77791 -1.79666 -1.82122
0.21 -0.393132 -0.612563 1.18217 1.06772 -0.747332 -0.455081 1.1038 0.968593 -0.0192132 0.199241 -0.643885 -0.700003 -1.73414 -1.87085 -1.85357 -1.85999 -1.88088 -1.90881
0.22 -0.438465 -0.681828 1.28459 1.16375 -0.820289 -0.503266 1.19207 1.04928 -0.0240043 0.212679 -0.706273 -0.773258 -1.81216 -1.95211 -1.933 -1.94051 -1.96363 -1.99528
0.23 -0.489607 -0.759804 1.39665 1.26895 -0.901583 -0.557389 1.28786 1.13715 -0.0293224 0.227038 -0.774486 -0.853935 -1.88829 -2.03134 -2.01034 -2.01916 -2.0446 -2.08037
0.24 -0.547713 -0.848145 1.5196 1.38457 -0.992629 -0.61857 1.39199 1.23301 -0.035279 0.242355 -0.849335 -0.943209 -1.96223 -2.1081 -2.08519 -2.09558 -2.12341 -2.16371
0.25 -0.614198 -0.948858 1.6548 1.51204 -1.09512 -0.688179 1.50541 1.33771 -0.0419996 0.258661 -0.931726 -1.04244 -2.03358 -2.1818 -2.15699 -2.16928 -2.19956 -2.24487
0.26 -0.690813 -1.06438 1.80379 1.65296 -1.21109 -0.767898 1.62914 1.45215 -0.0496207 0.275971 -1.02265 -1.15318 -2.10185 -2.25171 -2.22509 -2.23966 -2.2724 -2.32327
0.27 -0.779721 -1.19769 1.96827 1.80915 -1.34294 -0.859794 1.76427 1.57724 -0.0582826 0.294285 -1.12317 -1.27721 -2.16638 -2.3169 -2.28859 -2.30594 -2.34115 -2.39818
0.28 -0.883603 -1.35237 2.15005 1.98256 -1.49357 -0.966417 1.91197 1.71383 -0.0681159 0.313579 -1.23435 -1.41649 -2.22636 -2.37618 -2.34641 -2.36708 -2.40477 -2.46866
0.29 -1.00578 -1.53275 2.35097 2.17533 -1.66638 -1.09091 2.07339 1.86264 -0.0792191 0.333796 -1.35723 -1.57315 -2.28069 -2.42802 -2.3971 -2.42175 -2.46194 -2.53348
0.3 -1.15036 -1.74399 2.57286 2.38961 -1.86533 -1.23714 2.2496 2.02405 -0.0916247 0.354836 -1.4926 -1.74935 -2.32793 -2.47048 -2.43884 -2.46821 -2.51098 -2.59109
0.31 -1.32241 -1.99214 2.81724 2.62738 -2.09493 -1.40982 2.44144 2.19788 -0.105249 0.376534 -1.64082 -1.94714 -2.36619 -2.50112 -2.4693 -2.50421 -2.54976 -2.63946
0.32 -1.5281 -2.28407 3.085 2.89016 -2.36012 -1.61469 2.64915 2.38298 -0.119823 0.398628 -1.80147 -2.16809 -2.39303 -2.51692 -2.48556 -2.52687 -2.5756 -2.67602
0.33 -1.77489 -2.62734 3.37588 3.17846 -2.66598 -1.85853 2.87203 2.5767 -0.134808 0.420725 -1.97283 -2.41279 -2.40533 -2.51424 -2.48409 -2.53261 -2.58526 -2.69756
0.34 -2.07159 -3.02964 3.68776 3.49103 -3.01716 -2.14928 3.10768 2.7742 -0.149304 0.44224 -2.15123 -2.68002 -2.39924 -2.48893 -2.46078 -2.51719 -2.57491 -2.70018
0.35 -2.42839 -3.49798 4.01584 3.82397 -3.41697 -2.49579 3.3512 2.96772 -0.161974 0.46235 -2.33034 -2.96574 -2.37035 -2.43659 -2.41124 -2.47589 -2.54041 -2.67938
0.36 -2.8567 -4.03736 4.35194 4.16979 -3.86608 -2.90754 3.59424 3.14594 -0.171053 0.479952 -2.50057 -3.26188 -2.31399 -2.35319 -2.33137 -2.40412 -2.47769 -2.6304
0.37 -3.36899 -4.64932 4.68431 4.51697 -4.36109 -3.39415 3.82421 3.29405 -0.174483 0.493691 -2.64906 -3.55527 -2.22605 -2.23596 -2.21825 -2.29829 -2.38362 -2.54895
0.38 -3.97872 -5.33051 4.99854 4.85045 -4.89352 -3.96484 4.02434 3.3947 -0.170263 0.502066 -2.76056 -3.8275 -2.1041 -2.08449 -2.07133 -2.15707 -2.25707 -2.43222
0.39 -4.70065 -6.07202 5.27973 5.15361 -5.44974 -4.62824 4.17481 3.43019 -0.156943 0.50365 -2.81963 -4.05598 -1.94859 -1.90158 -1.89324 -1.98252 -2.09978 -2.28014
0.4 -5.55164 -6.85956 5.51536 5.41144 -6.01242 -5.39266 4.25514 3.3853 -0.134104 0.497377 -2.81363 -4.21662 -1.76361 -1.69328 -1.68994 -1.78039 -1.9168 -2.09618
0.41 -6.55109 -7.67385 5.69792 5.61363 -6.5629 -6.2663 4.24687 3.24993 -0.102569 0.482791 -2.73538 -4.28716 -1.55653 -1.46797 -1.46978 -1.55933 -1.71578 -1.88718
0.42 -7.7195 -8.49033 5.82587 5.75635 -7.08351 -7.25636 4.13535 3.02043 -0.0641972 0.460141 -2.58438 -4.24976 -1.33661 -1.23464 -1.2417 -1.32909 -1.50547 -1.66216
0.43 -9.07218 -9.27784 5.90281 5.84194 -7.55878 -8.36536 3.90972 2.69964 -0.0213912 0.430304 -2.36611 -4.09185 -1.11306 -1.0012 -1.01356 -1.09859 -1.29403 -1.43041
0.44 -10.6049 -9.99734 5.93554 5.87704 -7.97544 -9.58309 3.56192 2.29616 0.023445 0.394565 -2.09017 -3.80556 -0.893396 -0.773434 -0.791092 -0.8746 -1.08778 -1.19989
0.45 -12.2692 -10.6028 5.93201 5.87036 -8.32202 -10.8741 3.08643 1.82365 0.0682714 0.354371 -1.76829 -3.3873 -0.682679 -0.554755 -0.577607 -0.661299 -0.890749 -0.976319
0.46 -13.9407 -11.0461 5.89985 5.83082 -8.58871 -12.1632 2.48303 1.3002 0.111557 0.311129 -1.41277 -2.83885 -0.483515 -0.346522 -0.37441 -0.460594 -0.704848 -0.763043
0.47 -15.4006 -11.2866 5.84555 5.76644 -8.76781 -13.3275 1.76335 0.747414 0.152263 0.266083 -1.0356 -2.17084 -0.296529 -0.148606 -0.181343 -0.272689 -0.530371 -0.561408
0.48 -16.3679 -11.3012 5.7742 5.68388 -8.85478 -14.2078 0.958721 0.188829 0.189746 0.220258 -0.648004 -1.40722 -0.120957 0.0400493 0.00266502 -0.0966777 -0.366542 -0.3713
0.49 -16.6063 -11.0918 5.68949 5.58835 -8.84916 -14.6507 0.122045 -0.352505 0.223656 0.174452 -0.260208 -0.587328 0.0448177 0.220978 0.179184 0.0689964 -0.211976 -0.191645
0.5 -16.0542 -10.685 5.5938 5.48381 -8.75519 -14.5692 -0.682781 -0.856581 0.253852 0.129282 0.118806 0.23811 0.202844 0.395867 0.349964 0.22621 -0.0650006 -0.0208212
0.51 -14.864 -10.1253 5.48846 5.37312 -8.5816 -13.9847 -1.40035 -1.30836 0.280355 0.0852696 0.481566 1.01746 0.355279 0.566339 0.516683 0.376932 0.0761514 0.143035
0.52 -13.3106 -9.46468 5.37388 5.25818 -8.34056 -13.0171 -1.99871 -1.69853 0.303324 0.0429183 0.822304 1.71019 0.504172 0.733797 0.680761 0.523077 0.213222 0.301798
0.53 -11.659 -8.75223 5.24985 5.13997 -8.04621 -11.8311 -2.47099 -2.02301 0.323037 0.00277831 1.13697 2.29378 0.651351 0.899322 0.84326 0.666421 0.34784 0.457197
0.54 -10.0891 -8.02843 5.1157 5.01869 -7.71308 -10.5786 -2.82707 -2.28176 0.339897 -0.0345107 1.42308 2.76321 0.798363 1.06359 1.00484 0.80855 0.481438 0.610712
0.55 -8.69037 -7.32261 4.97055 4.89384 -7.3547 -9.36763 -3.08388 -2.4774 0.354435 -0.0681808 1.67943 3.12551 0.946417 1.2268 1.16571 0.950825 0.61518 0.76349
0.56 -7.4888 -6.65375 4.81355 4.76437 -6.98271 -8.25877 -3.25866 -2.61406 0.36732 -0.0973155 1.9058 3.39369 1.09633 1.3887 1.32565 1.09432 0.749884 0.916258
0.57 -6.4762 -6.03261 4.64421 4.62889 -6.60636 -7.27646 -3.36606 -2.69668 0.379347 -0.120871 2.10259 3.58218 1.24848 1.54857 1.48402 1.23976 0.88596 1.06926
0.58 -5.63011 -5.4641 4.46266 4.48589 -6.23259 -6.42273 -3.41752 -2.73067 0.391396 -0.137759 2.27057 3.70442 1.40276 1.70542 1.63987 1.38748 1.02338 1.22223
0.59 -4.92474 -4.94938 4.2699 4.33409 -5.86625 -5.68808 -3.42183 -2.72179 0.404339 -0.146982 2.41071 3.772 1.55859 1.8581 1.79207 1.53733 1.16167 1.37442
0.6 -4.33588 -4.4873 4.06783 4.17268 -5.51068 -5.05849 -3.38608 -2.67617 0.418925 -0.147822 2.52406 3.79461 1.71503 2.00551 1.9395 1.68875 1.30002 1.52475
0.61 -3.84271 -4.07532 3.85916 4.00163 -5.1682 -4.51916 -3.31646 -2.60027 0.43565 -0.140018 2.61178 3.78043 1.87083 2.14685 2.08125 1.84079 1.43736 1.67197
0.62 -3.42797 -3.71005 3.64715 3.8218 -4.84049 -4.05643 -3.2189 -2.50064 0.454657 -0.123884 2.67522 3.73648 2.02467 2.28163 2.21668 1.99223 1.57262 1.8149
0.63 -3.07756 -3.38754 3.43529 3.63496 -4.52889 -3.65834 -3.09931 -2.38378 0.475684 -0.100347 2.71597 3.66893 2.17529 2.40983 2.34558 2.14177 1.70486 1.95266
0.64 -2.77999 -3.10358 3.22693 3.44357 -4.23442 -3.31471 -2.9636 -2.25576 0.498092 -0.0708635 2.73588 3.58317 2.32165 2.53175 2.4681 2.28816 1.83346 2.0848
0.65 -2.52583 -2.85377 3.02505 3.25055 -3.95774 -3.01691 -2.81742 -2.12204 0.520939 -0.0372702 2.73697 3.48383 2.46302 2.64801 2.58468 2.43036 1.95818 2.21132
0.66 -2.30731 -2.6338 2.83207 3.05893 -3.69904 -2.75763 -2.66598 -1.9873 0.543097 -0.00158737 2.72134 3.37477 2.59895 2.75935 2.696 2.56761 2.07917 2.33265
0.67 -2.11797 -2.43954 2.6498 2.87159 -3.45807 -2.5306 -2.51382 -1.85535 0.563373 0.0341661 2.691 3.25899 2.72929 2.8666 2.80286 2.69941 2.19689 2.44951
0.68 -1.95243 -2.26714 2.47946 2.69105 -3.23409 -2.33047 -2.36468 -1.72914 0.580612 0.0681258 2.64778 3.13877 2.8541 2.97055 2.90609 2.82554 2.31202 2.5628
0.69 -1.80624 -2.11313 2.32177 2.51936 -3.02598 -2.15265 -2.22148 -1.61088 0.59379 0.0986918 2.59329 3.0157 2.97359 3.07193 3.00646 2.94597 2.42531 2.67342
0.7 -1.67571 -1.97448 2.17697 2.35804 -2.83243 -1.99326 -2.08636 -1.50202 0.602082 0.124598 2.52892 2.89091 3.08807 3.17137 3.10469 3.06084 2.5375 2.78223
0.71 -1.55785 -1.84856 2.04495 2.20812 -2.652 -1.84907 -1.96073 -1.40345 0.604908 0.144951 2.4559 2.76518 3.19792 3.26939 3.20138 3.1704 2.64922 2.88995
0.72 -1.45029 -1.73321 1.92529 2.07012 -2.48334 -1.71745 -1.84535 -1.31547 0.60197 0.159241 2.37537 2.63914 3.30357 3.3664 3.29704 3.27499 2.761 2.99712
0.73 -1.35118 -1.62665 1.81733 1.94417 -2.3252 -1.5963 -1.74047 -1.23794 0.593259 0.167327 2.28851 2.51337 3.40548 3.46271 3.39203 3.37505 2.87315 3.10412
0.74 -1.25914 -1.5275 1.72022 1.83001 -2.17653 -1.48403 -1.64585 -1.17035 0.579044 0.169407 2.19651 2.38845 3.50418 3.55856 3.48664 3.47108 2.98585 3.21117
0.75 -1.17317 -1.43473 1.63298 1.72709 -2.0365 -1.37944 -1.56096 -1.11188 0.559838 0.165958 2.10062 2.26506 3.60016 3.6541 3.58107 3.5636 3.09914 3.31837
0.76 -1.09257 -1.34758 1.55455 1.63463 -1.90449 -1.28169 -1.48499 -1.06153 0.536343 0.157669 2.00216 2.14389 3.69397 3.74944 3.67543 3.65321 3.21292 3.42572
0.77 -1.0169 -1.26552 1.48384 1.5517 -1.78003 -1.19017 -1.41701 -1.01819 0.509384 0.14536 1.90242 2.02563 3.78609 3.84464 3.76981 3.74048 3.32704 3.53315
0.78 -0.945831 -1.18817 1.41981 1.47728 -1.66279 -1.10449 -1.35602 -0.980723 0.479839 0.129914 1.80264 1.91097 3.87702 3.93975 3.86424 3.826 3.44128 3.64056
0.79 -0.87918 -1.1153 1.36148 1.41033 -1.55253 -1.02434 -1.30102 -0.948055 0.448575 0.112203 1.70395 1.80048 3.96718 4.03478 3.95874 3.91029 3.55542 3.74783
0.8 -0.816792 -1.04671 1.30796 1.34985 -1.44902 -0.949506 -1.25109 -0.919195 0.4164 0.0930388 1.60736 1.69466 4.05694 4.12977 4.05331 3.99385 3.66924 3.85487
0.81 -0.758539 -0.982262 1.25847 1.29488 -1.35208 -0.879786 -1.2054 -0.893286 0.384026 0.0731398 1.51367 1.59385 4.1466 4.22473 4.14796 4.07709 3.78255 3.96157
0.82 -0.704286 -0.921811 1.21237 1.24458 -1.2615 -0.814987 -1.16322 -0.869611 0.352048 0.0531098 1.42352 1.49829 4.23641 4.31968 4.24268 4.16036 3.8952 4.06787
0.83 -0.653886 -0.865214 1.16912 1.19822 -1.17705 -0.754903 -1.12395 -0.847591 0.320941 0.0334337 1.33738 1.40806 4.32656 4.41463 4.33748 4.24394 4.00708 4.17372
0.84 -0.60717 -0.812317 1.12827 1.15516 -1.09846 -0.699311 -1.0871 -0.826777 0.291061 0.0144817 1.25553 1.32317 4.41717 4.50961 4.43236 4.32804 4.11809 4.27909
0.85 -0.563954 -0.76295 1.08949 1.11489 -1.02546 -0.647972 -1.05226 -0.806832 0.262661 -0.00347916 1.17814 1.24354 4.50833 4.60464 4.52733 4.41281 4.22821 4.38397
0.86 -0.524036 -0.716934 1.0525 1.07698 -0.957738 -0.600634 -1.01913 -0.787513 0.2359 -0.0202706 1.10526 1.16899 4.6001 4.69974 4.6224 4.49836 4.33741 4.48836
0.87 -0.48721 -0.674078 1.0171 1.04108 -0.894988 -0.557035 -0.987455 -0.76865 0.210865 -0.0357875 1.03684 1.09932 4.69249 4.79493 4.71758 4.58474 4.44571 4.59227
0.88 -0.453261 -0.63419 0.983129 1.00692 -0.836885 -0.516914 -0.957057 -0.750134 0.187582 -0.0499827 0.972774 1.03429 4.78551 4.89023 4.81287 4.67198 4.55312 4.69572
0.89 -0.421981 -0.597077 0.950469 0.974289 -0.78311 -0.480012 -0.927796 -0.7319 0.166034 -0.0628532 0.912894 0.973634 4.87914 4.98565 4.90829 4.76007 4.65969 4.79873
0.9 -0.393162 -0.562547 0.919026 0.943016 -0.733349 -0.446077 -0.899566 -0.713912 0.146171 -0.0744286 0.857006 0.917092 4.97335 5.08121 5.00383 4.84901 4.76547 4.90134
0.91 -0.366609 -0.530416 0.888729 0.912972 -0.687299 -0.414868 -0.872287 -0.696158 0.12792 -0.0847615 0.804895 0.86439 5.06811 5.1769 5.09951 4.93875 4.8705 5.00357
0.92 -0.342134 -0.500507 0.859519 0.884055 -0.644673 -0.386158 -0.845901 -0.678641 0.111193 -0.0939194 0.756336 0.815265 5.16339 5.27275 5.19532 5.02926 4.97485 5.10545
0.93 -0.319563 -0.472654 0.831352 0.856185 -0.605198 -0.359733 -0.820361 -0.661372 0.0958966 -0.101979 0.711102 0.769461 5.25914 5.36874 5.29128 5.12049 5.07856 5.207
0.94 -0.298732 -0.446699 0.804187 0.8293 -0.568619 -0.335397 -0.795632 -0.644368 0.0819307 -0.109021 0.668967 0.726738 5.35532 5.46489 5.38737 5.21238 5.18169 5.30826
0.95 -0.279493 -0.422496 0.777991 0.803349 -0.534701 -0.312965 -0.771685 -0.627647 0.0691968 -0.115127 0.629714 0.686866 5.45189 5.56119 5.48359 5.30489 5.28429 5.40925
0.96 -0.261707 -0.399908 0.752733 0.778289 -0.503225 -0.292272 -0.748497 -0.61123 0.0575986 -0.120379 0.593136 0.649633 5.54882 5.65764 5.57995 5.39798 5.3864 5.50999
0.97 -0.245247 -0.37881 0.728382 0.754086 -0.47399 -0.273164 -0.726047 -0.595132 0.0470436 -0.124855 0.559036 0.61484 5.64607 5.75424 5.67644 5.49158 5.48808 5.6105
0.98 -0.23 -0.359087 0.704912 0.730708 -0.446811 -0.255501 -0.704316 -0.57937 0.0374442 -0.128627 0.527229 0.582302 5.74361 5.85098 5.77306 5.58565 5.58936 5.71081
0.99 -0.215861 -0.340632 0.682294 0.708129 -0.421518 -0.239158 -0.683287 -0.563958 0.0287184 -0.131766 0.497543 0.551851 5.8414 5.94785 5.8698 5.68016 5.69028 5.81093
1 -0.202735 -0.323348 0.660503 0.686323 -0.397959 -0.224019 -0.662942 -0.548905 0.0207902 -0.134336 0.469818 0.52333 5.93941 6.04485 5.96665 5.77506 5.79088 5.91087
