0.002 1.20831 1.20831 1.20831 1.20831 1.20831 1.20831
0.004 1.20825 1.20825 1.20825 1.20825 1.20825 1.20825
0.006 1.20816 1.20816 1.20816 1.20816 1.20816 1.20816
0.008 1.20804 1.20804 1.20804 1.20804 1.20804 1.20804
0.01 1.20787 1.20787 1.20787 1.20787 1.20787 1.20787
0.012 1.20767 1.20767 1.20767 1.20767 1.20767 1.20767
0.014 1.20743 1.20743 1.20743 1.20743 1.20743 1.20743
0.016 1.20716 1.20716 1.20716 1.20716 1.20716 1.20716
0.018 1.20685 1.20685 1.20685 1.20685 1.20685 1.20685
0.02 1.2065 1.2065 1.2065 1.2065 1.2065 1.2065
0.022 1.20612 1.20612 1.20612 1.20612 1.20612 1.20612
0.024 1.2057 1.2057 1.2057 1.2057 1.2057 1.2057
0.026 1.20524 1.20524 1.20524 1.20524 1.20524 1.20524
0.028 1.20475 1.20475 1.20475 1.20475 1.20475 1.20475
0.03 1.20422 1.20422 1.20422 1.20422 1.20422 1.20422
0.032 1.20365 1.20365 1.20365 1.20365 1.20365 1.20365
0.034 1.20305 1.20305 1.20305 1.20305 1.20305 1.20305
0.036 1.20241 1.20241 1.20241 1.20241 1.20241 1.20241
0.038 1.20174 1.20174 1.20174 1.20174 1.20174 1.20174
0.04 1.20102 1.20102 1.20102 1.20102 1.20102 1.20102
0.042 1.20027 1.20027 1.20027 1.20027 1.20027 1.20027
0.044 1.19949 1.19949 1.19949 1.19949 1.19949 1.19949
0.046 1.19867 1.19867 1.19867 1.19867 1.19867 1.19867
0.048 1.19781 1.19781 1.19781 1.19781 1.19781 1.19781
0.05 1.19692 1.19692 1.19692 1.19692 1.19692 1.19692
0.052 1.19599 1.19599 1.19599 1.19599 1.19599 1.19599
0.054 1.19502 1.19502 1.19502 1.19502 1.19502 1.19502
0.056 1.19402 1.19402 1.19402 1.19402 1.19402 1.19402
0.058 1.19298 1.19298 1.19298 1.19298 1.19298 1.19298
0.06 1.1919 1.1919 1.1919 1.1919 1.1919 1.1919
0.062 1.19079 1.19079 1.19079 1.19079 1.19079 1.19079
0.064 1.18964 1.18964 1.18964 1.18964 1.18964 1.18964
0.066 1.18845 1.18845 1.18845 1.18845 1.18845 1.18845
0.068 1.18723 1.18723 1.18723 1.18723 1.18723 1.18723
0.07 1.18597 1.18597 1.18597 1.18597 1.18597 1.18597
0.072 1.18468 1.18468 1.18468 1.18468 1.18468 1.18468
0.074 1.18335 1.18335 1.18335 1.18335 1.18335 1.18335
0.076 1.18198 1.18198 1.18198 1.18198 1.18198 1.18198
0.078 1.18058 1.18058 1.18058 1.18058 1.18058 1.18058
0.08 1.17914 1.17914 1.17914 1.17914 1.17914 1.17914
0.082 1.17766 1.17766 1.17766 1.17766 1.17766 1.17766
0.084 1.17615 1.17615 1.17615 1.17615 1.17615 1.17615
0.086 1.1746 1.1746 1.1746 1.1746 1.1746 1.1746
0.088 1.17302 1.17302 1.17302 1.17302 1.17302 1.17302
0.09 1.1714 1.1714 1.1714 1.1714 1.1714 1.1714
0.092 1.16974 1.16974 1.16974 1.16974 1.16974 1.16974
0.094 1.16805 1.16805 1.16805 1.16805 1.16805 1.16805
0.096 1.16632 1.16632 1.16632 1.16632 1.16632 1.16632
0.098 1.16456 1.16456 1.16456 1.16456 1.16456 1.16456
0.1 1.16276 1.16276 1.16276 1.16276 1.16276 1.16276
0.102 1.16092 1.16092 1.16092 1.16092 1.16092 1.16092
0.104 1.15905 1.15905 1.15905 1.15905 1.15905 1.15905
0.106 1.15714 1.15714 1.15714 1.15714 1.15714 1.15714
0.108 1.15519 1.15519 1.15519 1.15519 1.15519 1.15519
0.11 1.15321 1.15321 1.15321 1.15321 1.15321 1.15321
0.112 1.1512 1.15119 1.1512 1.1512 1.15119 1.1512
0.114 1.14914 1.14914 1.14914 1.14914 1.14914 1.14914
0.116 1.14705 1.14705 1.14705 1.14705 1.14705 1.14705
0.118 1.14493 1.14493 1.14493 1.14493 1.14493 1.14493
0.12 1.14277 1.14277 1.14277 1.14277 1.14277 1.14277
0.122 1.14057 1.14057 1.14057 1.14057 1.14057 1.14057
0.124 1.13834 1.13834 1.13834 1.13834 1.13834 1.13834
0.126 1.13608 1.13608 1.13608 1.13608 1.13608 1.13608
0.128 1.13377 1.13377 1.13377 1.13377 1.13377 1.13377
0.13 1.13143 1.13143 1.13143 1.13143 1.13143 1.13143
0.132 1.12906 1.12906 1.12906 1.12906 1.12906 1.12906
0.134 1.12665 1.12665 1.12665 1.12665 1.12665 1.12665
0.136 1.1242 1.1242 1.1242 1.1242 1.1242 1.1242
0.138 1.12172 1.12172 1.12172 1.12172 1.12172 1.12172
0.14 1.11921 1.11921 1.11921 1.11921 1.11921 1.11921
0.142 1.11666 1.11666 1.11666 1.11666 1.11666 1.11666
0.144 1.11407 1.11407 1.11407 1.11407 1.11407 1.11407
0.146 1.11145 1.11145 1.11145 1.11145 1.11145 1.11145
0.148 1.10879 1.10879 1.10879 1.10879 1.10879 1.10879
0.15 1.1061 1.1061 1.1061 1.1061 1.1061 1.1061
0.152 1.10337 1.10337 1.10337 1.10337 1.10337 1.10337
0.154 1.1006 1.1006 1.1006 1.1006 1.1006 1.1006
0.156 1.09781 1.09781 1.09781 1.09781 1.09781 1.09781
0.158 1.09497 1.09497 1.09497 1.09497 1.09497 1.09497
0.16 1.0921 1.0921 1.0921 1.0921 1.0921 1.0921
0.162 1.0892 1.0892 1.0892 1.0892 1.0892 1.0892
0.164 1.08626 1.08626 1.08626 1.08626 1.08626 1.08626
0.166 1.08329 1.08329 1.08329 1.08329 1.08329 1.08329
0.168 1.08028 1.08028 1.08028 1.08028 1.08028 1.08028
0.17 1.07724 1.07724 1.07724 1.07724 1.07724 1.07724
0.172 1.07416 1.07416 1.07416 1.07416 1.07416 1.07416
0.174 1.07105 1.07105 1.07105 1.07105 1.07105 1.07105
0.176 1.0679 1.0679 1.0679 1.0679 1.0679 1.0679
0.178 1.06472 1.06472 1.06472 1.06472 1.06472 1.06472
0.18 1.06151 1.06151 1.06151 1.06151 1.06151 1.06151
0.182 1.05826 1.05826 1.05826 1.05826 1.05826 1.05826
0.184 1.05497 1.05497 1.05497 1.05497 1.05497 1.05497
0.186 1.05166 1.05165 1.05166 1.05166 1.05165 1.05166
0.188 1.0483 1.0483 1.0483 1.0483 1.0483 1.0483
0.19 1.04492 1.04492 1.04492 1.04492 1.04492 1.04492
0.192 1.0415 1.0415 1.0415 1.0415 1.0415 1.0415
0.194 1.03804 1.03804 1.03804 1.03804 1.03804 1.03804
0.196 1.03456 1.03456 1.03456 1.03456 1.03456 1.03456
0.198 1.03104 1.03103 1.03104 1.03104 1.03103 1.03104
0.2 1.02748 1.02748 1.02748 1.02748 1.02748 1.02748
0.202 1.02389 1.02389 1.02389 1.02389 1.02389 1.02389
0.204 1.02027 1.02027 1.02027 1.02027 1.02027 1.02027
0.206 1.01662 1.01662 1.01662 1.01662 1.01662 1.01662
0.208 1.01293 1.01293 1.01293 1.01293 1.01293 1.01293
0.21 1.00921 1.00921 1.00921 1.00921 1.00921 1.00921
0.212 1.00546 1.00545 1.00546 1.00546 1.00545 1.00546
0.214 1.00167 1.00167 1.00167 1.00167 1.00167 1.00167
0.216 0.997851 0.99785 0.997852 0.997852 0.99785 0.997851
0.218 0.994 0.993998 0.994 0.994 0.993998 0.994
0.22 0.990116 0.990115 0.990117 0.990117 0.990115 0.990116
0.222 0.9862 0.986199 0.986201 0.986201 0.986199 0.9862
0.224 0.982253 0.982251 0.982254 0.982254 0.982251 0.982253
0.226 0.978273 0.978272 0.978274 0.978274 0.978272 0.978273
0.228 0.974262 0.974261 0.974263 0.974263 0.974261 0.974262
0.23 0.970219 0.970218 0.97022 0.97022 0.970218 0.970219
0.232 0.966145 0.966144 0.966146 0.966146 0.966144 0.966145
0.234 0.96204 0.962039 0.962041 0.962041 0.962039 0.96204
0.236 0.957904 0.957902 0.957905 0.957905 0.957902 0.957904
0.238 0.953737 0.953735 0.953738 0.953738 0.953735 0.953737
0.24 0.94954 0.949538 0.949541 0.949541 0.949538 0.94954
0.242 0.945312 0.94531 0.945313 0.945313 0.94531 0.945312
0.244 0.941054 0.941052 0.941055 0.941055 0.941052 0.941054
0.246 0.936766 0.936764 0.936768 0.936768 0.936764 0.936766
0.248 0.932449 0.932447 0.932451 0.932451 0.932447 0.932449
0.25 0.928102 0.9281 0.928104 0.928104 0.9281 0.928102
0.252 0.923727 0.923724 0.923728 0.923728 0.923724 0.923727
0.254 0.919322 0.91932 0.919324 0.919324 0.91932 0.919322
0.256 0.914889 0.914887 0.914891 0.914891 0.914887 0.914889
0.258 0.910428 0.910425 0.910429 0.910429 0.910425 0.910428
0.26 0.905938 0.905936 0.90594 0.90594 0.905936 0.905938
0.262 0.901422 0.901419 0.901424 0.901424 0.901419 0.901422
0.264 0.896878 0.896875 0.89688 0.89688 0.896875 0.896878
0.266 0.892307 0.892304 0.892309 0.892309 0.892304 0.892307
0.268 0.88771 0.887707 0.887712 0.887712 0.887707 0.88771
0.27 0.883086 0.883083 0.883089 0.883089 0.883083 0.883086
0.272 0.878437 0.878434 0.87844 0.87844 0.878434 0.878437
0.274 0.873763 0.87376 0.873766 0.873766 0.87376 0.873763
0.276 0.869064 0.869061 0.869067 0.869067 0.869061 0.869064
0.278 0.864341 0.864338 0.864344 0.864344 0.864338 0.864341
0.28 0.859594 0.859591 0.859597 0.859597 0.859591 0.859594
0.282 0.854824 0.85482 0.854826 0.854826 0.85482 0.854824
0.284 0.850031 0.850027 0.850034 0.850034 0.850027 0.850031
0.286 0.845215 0.845212 0.845219 0.845219 0.845212 0.845215
0.288 0.840379 0.840375 0.840382 0.840382 0.840375 0.840379
0.29 0.835521 0.835517 0.835525 0.835525 0.835517 0.835521
0.292 0.830644 0.830639 0.830647 0.830647 0.830639 0.830644
0.294 0.825746 0.825742 0.82575 0.82575 0.825742 0.825746
0.296 0.82083 0.820826 0.820834 0.820834 0.820826 0.82083
0.298 0.815896 0.815891 0.8159 0.8159 0.815891 0.815896
0.3 0.810944 0.81094 0.810948 0.810948 0.81094 0.810944
0.302 0.805976 0.805972 0.805981 0.805981 0.805972 0.805976
0.304 0.800993 0.800988 0.800997 0.800997 0.800988 0.800993
0.306 0.795995 0.79599 0.796 0.796 0.79599 0.795995
0.308 0.790983 0.790978 0.790988 0.790988 0.790978 0.790983
0.31 0.785959 0.785954 0.785964 0.785964 0.785954 0.785959
0.312 0.780923 0.780918 0.780928 0.780928 0.780918 0.780923
0.314 0.775877 0.775871 0.775882 0.775882 0.775871 0.775877
0.316 0.770821 0.770815 0.770827 0.770827 0.770815 0.770821
0.318 0.765758 0.765751 0.765764 0.765764 0.765751 0.765758
0.32 0.760687 0.760681 0.760693 0.760693 0.760681 0.760687
0.322 0.755612 0.755605 0.755618 0.755618 0.755605 0.755612
0.324 0.750532 0.750524 0.750538 0.750538 0.750524 0.750532
0.326 0.745449 0.745442 0.745456 0.745456 0.745442 0.745449
0.328 0.740366 0.740358 0.740373 0.740373 0.740358 0.740366
0.33 0.735283 0.735275 0.73529 0.73529 0.735275 0.735283
0.332 0.730202 0.730194 0.73021 0.73021 0.730194 0.730202
0.334 0.725125 0.725117 0.725133 0.725133 0.725117 0.725125
0.336 0.720054 0.720045 0.720062 0.720062 0.720045 0.720054
0.338 0.714991 0.714981 0.714999 0.714999 0.714981 0.714991
0.34 0.709937 0.709927 0.709946 0.709946 0.709927 0.709937
0.342 0.704895 0.704885 0.704904 0.704904 0.704885 0.704895
0.344 0.699866 0.699856 0.699876 0.699876 0.699856 0.699866
0.346 0.694854 0.694843 0.694864 0.694864 0.694843 0.694854
0.348 0.689859 0.689848 0.68987 0.68987 0.689848 0.689859
0.35 0.684885 0.684874 0.684897 0.684897 0.684874 0.684885
0.352 0.679934 0.679922 0.679946 0.679946 0.679922 0.679934
0.354 0.675008 0.674996 0.675021 0.675021 0.674996 0.675008
0.356 0.67011 0.670097 0.670123 0.670123 0.670097 0.67011
0.358 0.665242 0.665229 0.665256 0.665256 0.665229 0.665242
0.36 0.660407 0.660393 0.660421 0.660421 0.660393 0.660407
0.362 0.655608 0.655593 0.655623 0.655623 0.655593 0.655608
0.364 0.650846 0.650832 0.650862 0.650862 0.650832 0.650846
0.366 0.646126 0.646111 0.646143 0.646143 0.646111 0.646126
0.368 0.64145 0.641434 0.641468 0.641468 0.641434 0.64145
0.37 0.63682 0.636804 0.636839 0.636839 0.636804 0.63682
0.372 0.63224 0.632223 0.632259 0.632259 0.632223 0.63224
0.374 0.627711 0.627694 0.627731 0.627731 0.627694 0.627711
0.376 0.623237 0.623219 0.623258 0.623258 0.623219 0.623237
0.378 0.618821 0.618802 0.618843 0.618843 0.618802 0.618821
0.38 0.614464 0.614445 0.614488 0.614488 0.614445 0.614464
0.382 0.61017 0.610151 0.610195 0.610195 0.610151 0.61017
0.384 0.605942 0.605921 0.605968 0.605968 0.605921 0.605942
0.386 0.601781 0.60176 0.601809 0.601809 0.60176 0.601781
0.388 0.59769 0.597668 0.597719 0.597719 0.597668 0.59769
0.39 0.593672 0.593649 0.593702 0.593702 0.593649 0.593672
0.392 0.589728 0.589705 0.58976 0.58976 0.589705 0.589728
0.394 0.585861 0.585836 0.585894 0.585894 0.585836 0.585861
0.396 0.582072 0.582047 0.582107 0.582107 0.582047 0.582072
0.398 0.578363 0.578337 0.5784 0.5784 0.578337 0.578363
0.4 0.574736 0.574709 0.574775 0.574775 0.574709 0.574736
0.402 0.571193 0.571165 0.571234 0.571234 0.571165 0.571193
0.404 0.567734 0.567706 0.567777 0.567777 0.567706 0.567734
0.406 0.564362 0.564332 0.564407 0.564407 0.564332 0.564362
0.408 0.561076 0.561046 0.561123 0.561123 0.561046 0.561076
0.41 0.557879 0.557847 0.557928 0.557928 0.557847 0.557879
0.412 0.55477 0.554738 0.554822 0.554822 0.554738 0.55477
0.414 0.55175 0.551717 0.551805 0.551805 0.551717 0.55175
0.416 0.548821 0.548786 0.548878 0.548878 0.548786 0.548821
0.418 0.545981 0.545946 0.546041 0.546041 0.545946 0.545981
0.42 0.543232 0.543196 0.543295 0.543295 0.543196 0.543232
0.422 0.540574 0.540536 0.54064 0.54064 0.540536 0.540574
0.424 0.538006 0.537967 0.538075 0.538075 0.537967 0.538006
0.426 0.535528 0.535488 0.535601 0.535601 0.535488 0.535528
0.428 0.53314 0.5331 0.533216 0.533216 0.5331 0.53314
0.43 0.530842 0.530801 0.530922 0.530922 0.530801 0.530842
0.432 0.528634 0.528591 0.528717 0.528717 0.528591 0.528634
0.434 0.526514 0.52647 0.526601 0.526601 0.52647 0.526514
0.436 0.524482 0.524438 0.524574 0.524574 0.524438 0.524482
0.438 0.522538 0.522493 0.522634 0.522634 0.522493 0.522538
0.44 0.520681 0.520635 0.520782 0.520782 0.520635 0.520681
0.442 0.51891 0.518863 0.519015 0.519015 0.518863 0.51891
0.444 0.517225 0.517176 0.517335 0.517335 0.517176 0.517225
0.446 0.515624 0.515574 0.515739 0.515739 0.515574 0.515624
0.448 0.514107 0.514056 0.514227 0.514227 0.514056 0.514107
0.45 0.512672 0.512621 0.512798 0.512798 0.512621 0.512672
0.452 0.51132 0.511268 0.511451 0.511451 0.511268 0.51132
0.454 0.510048 0.509996 0.510185 0.510185 0.509996 0.510048
0.456 0.508857 0.508804 0.509 0.509 0.508804 0.508857
0.458 0.507745 0.507692 0.507894 0.507894 0.507692 0.507745
0.46 0.506711 0.506657 0.506867 0.506867 0.506657 0.506711
0.462 0.505755 0.505701 0.505917 0.505917 0.505701 0.505755
0.464 0.504875 0.504821 0.505044 0.505044 0.504821 0.504875
0.466 0.504071 0.504017 0.504247 0.504247 0.504017 0.504071
0.468 0.503341 0.503287 0.503525 0.503525 0.503287 0.503341
0.47 0.502685 0.502632 0.502877 0.502877 0.502632 0.502685
0.472 0.502103 0.50205 0.502302 0.502302 0.50205 0.502103
0.474 0.501593 0.501541 0.5018 0.5018 0.501541 0.501593
0.476 0.501154 0.501103 0.50137 0.50137 0.501103 0.501154
0.478 0.500786 0.500736 0.50101 0.50101 0.500736 0.500786
0.48 0.500487 0.500439 0.500721 0.500721 0.500439 0.500487
0.482 0.500258 0.500212 0.500501 0.500501 0.500212 0.500258
0.484 0.500098 0.500053 0.50035 0.50035 0.500053 0.500098
0.486 0.500006 0.499963 0.500268 0.500268 0.499963 0.500006
