0.01 -1.56965 -2.29744 3.45774 3.43831 -2.32455 -1.57885 3.12942 2.68878 -0.360248 0.392044 -2.63717 -3.08717 -9.11293 -9.12662 -9.12219 -9.12933 -9.13518 -9.13312
0.02 -1.55972 -2.2933 3.50371 3.46566 -2.34079 -1.57882 3.17584 2.73532 -0.347531 0.409261 -2.62949 -3.06849 -9.09641 -9.12567 -9.11431 -9.12249 -9.13674 -9.1458
0.03 -1.55851 -2.30155 3.56677 3.50981 -2.36965 -1.58763 3.23715 2.79477 -0.336246 0.428307 -2.6339 -3.06421 -9.07745 -9.12241 -9.10403 -9.11333 -9.13606 -9.1563
0.04 -1.56612 -2.32249 3.64753 3.57122 -2.41151 -1.60546 3.31381 2.8677 -0.326339 0.449311 -2.65056 -3.07451 -9.05589 -9.11676 -9.09126 -9.10175 -9.13307 -9.16467
0.05 -1.58281 -2.35665 3.74684 3.65061 -2.46693 -1.63262 3.40648 2.95483 -0.31777 0.472417 -2.67978 -3.09975 -9.03156 -9.10862 -9.07584 -9.08762 -9.12771 -9.1709
0.06 -1.60899 -2.40473 3.86576 3.74887 -2.53667 -1.66957 3.51598 3.05703 -0.310521 0.497789 -2.72202 -3.14047 -9.00424 -9.09783 -9.05757 -9.07077 -9.11985 -9.17497
0.07 -1.64522 -2.46768 4.00559 3.86717 -2.6217 -1.71692 3.6433 3.17538 -0.304591 0.525604 -2.7779 -3.19743 -8.97367 -9.0842 -9.03623 -9.05098 -9.10932 -9.17678
0.08 -1.69224 -2.54672 4.16792 4.00692 -2.72324 -1.77549 3.78966 3.31111 -0.300005 0.556061 -2.84822 -3.27162 -8.93957 -9.06745 -9.01152 -9.028 -9.0959 -9.17622
0.09 -1.751 -2.64337 4.35462 4.16983 -2.8428 -1.84627 3.95647 3.46569 -0.296812 0.589371 -2.93399 -3.36429 -8.90157 -9.04728 -8.98308 -9.00151 -9.07931 -9.17311
0.1 -1.82271 -2.7595 4.56787 4.35793 -2.9822 -1.93051 4.14538 3.64082 -0.295095 0.625764 -3.03643 -3.47699 -8.85927 -9.02328 -8.95048 -8.97112 -9.05921 -9.16721
0.11 -1.90883 -2.89741 4.81028 4.57363 -3.14362 -2.02974 4.3583 3.83846 -0.294972 0.665485 -3.15704 -3.61162 -8.81219 -8.99493 -8.91319 -8.93636 -9.03515 -9.15819
0.12 -2.01121 -3.05992 5.08482 4.81975 -3.32971 -2.14584 4.59743 4.06084 -0.296607 0.70879 -3.29759 -3.77049 -8.75979 -8.96162 -8.87058 -8.89669 -9.0066 -9.14563
0.13 -2.1321 -3.25045 5.39499 5.0996 -3.54364 -2.28106 4.86527 4.31054 -0.300221 0.755943 -3.46021 -3.95637 -8.7014 -8.92256 -8.82187 -8.85143 -8.97286 -9.12899
0.14 -2.27425 -3.47316 5.7448 5.41704 -3.78918 -2.43819 5.16469 4.59048 -0.306099 0.80721 -3.64742 -4.17259 -8.63629 -8.87679 -8.76611 -8.79974 -8.93309 -9.10756
0.15 -2.44106 -3.73314 6.13891 5.7766 -4.07089 -2.62058 5.49894 4.90399 -0.314608 0.862855 -3.86219 -4.42314 -8.56352 -8.82309 -8.70214 -8.74062 -8.88624 -9.08047
0.16 -2.6367 -4.03657 6.58268 6.18352 -4.39424 -2.83234 5.87168 5.25481 -0.326211 0.923121 -4.108 -4.7128 -8.48205 -8.75995 -8.62852 -8.67284 -8.831 -9.04656
0.17 -2.86628 -4.39101 7.08228 6.64393 -4.76581 -3.0785 6.28709 5.64718 -0.341491 0.988226 -4.38898 -5.04726 -8.39056 -8.68546 -8.54347 -8.59486 -8.76569 -9.00439
0.18 -3.13614 -4.80571 7.64481 7.16496 -5.19352 -3.36522 6.74984 6.08581 -0.361161 1.05834 -4.7099 -5.4333 -8.28748 -8.59721 -8.44478 -8.50478 -8.68825 -8.95211
0.19 -3.45412 -5.29205 8.27839 7.75487 -5.68697 -3.70006 7.26521 6.57595 -0.386094 1.13355 -5.07634 -5.879 -8.17086 -8.49217 -8.32963 -8.40017 -8.59602 -8.88734
0.2 -3.82994 -5.86395 8.99232 8.42327 -6.25779 -4.09238 7.8391 7.12335 -0.417329 1.21386 -5.4947 -6.39392 -8.03829 -8.36643 -8.19451 -8.27798 -8.48566 -8.80704
0.21 -4.27569 -6.5386 9.79715 9.18126 -6.92008 -4.55375 8.47808 7.73422 -0.456082 1.29915 -5.97231 -6.98934 -7.88669 -8.21503 -8.03491 -8.13428 -8.35288 -8.7073
0.22 -4.80649 -7.33713 10.7048 10.0416 -7.69098 -5.09855 9.18943 8.41509 -0.503729 1.38911 -6.51736 -7.67844 -7.71211 -8.0316 -7.84504 -7.96398 -8.19221 -8.5831
0.23 -5.44119 -8.28555 11.7285 11.0189 -8.59127 -5.74464 9.98111 9.17263 -0.561756 1.48324 -7.13882 -8.47651 -7.50939 -7.80791 -7.61747 -7.76044 -7.99658 -8.42794
0.24 -6.2034 -9.41587 12.8828 12.1294 -9.64614 -6.51433 10.8616 10.0131 -0.631658 1.58079 -7.8461 -9.40093 -7.27175 -7.53336 -7.34252 -7.5149 -7.7569 -8.23341
0.25 -7.12271 -10.7673 14.183 13.3913 -10.886 -7.43542 11.8398 10.9418 -0.714748 1.68066 -8.64849 -10.4711 -6.9901 -7.19421 -7.00761 -7.2158 -7.46141 -7.98861
0.26 -8.23613 -12.3874 15.6446 14.8237 -12.347 -8.54258 12.9241 11.9615 -0.811839 1.7814 -9.55398 -11.7076 -6.65224 -6.77271 -6.59629 -6.84771 -7.09487 -7.67936
0.27 -9.58991 -14.3337 17.2816 16.4455 -14.0722 -9.87895 14.1218 13.0708 -0.922756 1.88101 -10.5674 -13.1312 -6.24166 -6.24593 -6.08711 -6.39017 -6.63756 -7.2872
0.28 -11.2416 -16.6744 19.1039 18.2734 -16.1106 -11.4979 15.4365 14.2604 -1.04559 1.9768 -11.6874 -14.7603 -5.7361 -5.58453 -5.45223 -5.81603 -6.06408 -6.78816
0.29 -13.2622 -19.4878 21.1123 20.3168 -18.517 -13.4649 16.8653 15.5081 -1.17568 2.06501 -12.9014 -16.6066 -5.10568 -4.75136 -4.65591 -5.08972 -5.342 -6.15121
0.3 -15.7384 -22.8609 23.2917 22.5718 -21.3479 -15.859 18.3923 16.7714 -1.30416 2.14029 -14.1787 -18.668 -4.31098 -3.70051 -3.65319 -4.16546 -4.43059 -5.33659
0.31 -18.7738 -26.8825 25.5993 25.0089 -24.6545 -18.7732 19.9794 17.9758 -1.41632 2.19489 -15.4598 -20.9171 -3.30133 -2.37737 -2.38968 -2.98631 -3.28035 -4.29443
0.32 -22.4885 -31.6311 27.949 27.5571 -28.469 -22.3128 21.5529 19.0009 -1.48965 2.21752 -16.643 -23.2846 -2.01453 -0.721244 -0.803653 -1.48536 -1.83429 -2.96442
0.33 -27.0159 -37.1525 30.1931 30.0828 -32.7823 -26.5891 22.9837 19.6642 -1.4925 2.19215 -17.5687 -25.6363 -0.37997 1.32705 1.16687 0.408368 -0.0332518 -1.27851
0.34 -32.4944 -43.4267 32.1048 32.3676 -37.512 -31.7082 24.0662 19.7085 -1.38437 2.09723 -18.0065 -27.745 1.67142 3.80976 3.56892 2.75569 2.17193 0.830474
0.35 -39.056 -50.3262 33.3758 34.0965 -42.4639 -37.7523 24.5008 18.8055 -1.12013 1.9063 -17.6557 -29.2672 4.18649 6.72659 6.40869 5.58114 4.79841 3.4103
0.36 -46.8144 -57.5786 33.646 34.8759 -47.3028 -44.76 23.8966 16.5899 -0.660748 1.59147 -16.176 -29.7408 7.1561 10.0013 9.61677 8.83515 7.79974 6.45823
0.37 -55.8674 -64.7585 32.5838 34.3056 -51.5588 -52.7158 21.8163 12.7394 0.00890677 1.13095 -13.2642 -28.6296 10.4742 13.4526 13.017 12.3555 11.0335 9.88153
0.38 -66.3222 -71.3301 30.0097 32.1071 -54.6975 -61.5646 17.8753 7.09122 0.860152 0.519643 -8.77265 -25.435 13.9096 16.7943 16.3239 15.8539 14.2492 13.4671
0.39 -78.344 -76.7337 26.0141 28.2697 -56.2535 -71.2537 11.8728 -0.252094 1.81129 -0.221073 -2.82556 -19.8528 17.1231 19.6859 19.1933 18.959 17.1227 16.8903
0.4 -92.1791 -80.4536 20.9852 23.1211 -55.9666 -81.7679 3.88206 -8.8961 2.74239 -1.0412 4.14756 -11.8992 19.7482 21.8314 21.3233 21.32 19.3427 19.7856
0.41 -108.063 -81.9965 15.5029 17.2538 -53.8325 -93.0855 -5.77966 -18.2384 3.53279 -1.87179 11.5086 -1.91041 21.5101 23.0778 22.5576 22.7266 20.7129 21.8599
0.42 -125.897 -80.7826 10.1504 11.3328 -50.032 -104.983 -16.7039 -27.6128 4.10052 -2.6432 18.5968 9.59842 22.3168 23.4549 22.9259 23.1702 21.211 22.9871
0.43 -144.611 -76.0692 5.35436 5.89889 -44.8011 -116.669 -28.5555 -36.4013 4.41998 -3.30233 24.8947 22.1142 22.2668 23.1365 22.6051 22.8156 20.9711 23.2291
0.44 -161.188 -67.0543 1.32659 1.26919 -38.3405 -126.312 -41.1008 -44.0659 4.51304 -3.82098 30.0949 35.2045 21.5819 22.3602 21.8346 21.9138 20.2123 22.7793
0.45 -169.639 -53.2133 -1.90361 -2.45443 -30.8121 -130.653 -54.0121 -50.1329 4.42678 -4.19422 34.0742 48.4245 20.519 21.3539 20.8416 20.7158 19.1632 21.8798
0.46 -160.967 -34.7557 -4.41972 -5.31852 -22.3951 -125.108 -66.4895 -54.195 4.2132 -4.4334 36.829 61.097 19.3044 20.2959 19.8014 19.4228 18.0132 20.754
0.47 -126.138 -12.9454 -6.35505 -7.44565 -13.348 -105.024 -76.9291 -55.9654 3.91737 -4.55865 38.4179 72.1096 18.1064 19.3057 18.8305 18.174 16.896 19.5757
0.48 -63.1278 9.99216 -7.85331 -8.98066 -4.03626 -68.3688 -83.0963 -55.3628 3.57353 -4.59312 38.9305 79.9521 17.0355 18.4514 17.9977 17.0548 15.8934 18.4645
0.49 16.5547 31.4385 -9.05019 -10.0598 5.08917 -18.6845 -83.1373 -52.5672 3.20619 -4.55796 38.4785 83.1622 16.1541 17.7628 17.3357 16.1117 15.0479 17.494
0.5 91.1399 49.1608 -10.0654 -10.8006 13.5563 34.606 -76.8769 -47.9962 2.83343 -4.46741 37.1994 81.0429 15.4875 17.2424 16.8487 15.364 14.3768 16.7023
0.51 142.067 61.8837 -10.9974 -11.3052 20.9566 80.1934 -66.1031 -42.2061 2.46993 -4.32683 35.2564 74.1393 15.0338 16.8754 16.5189 14.8124 13.8828 16.1005
0.52 164.075 69.416 -11.9222 -11.667 27.0135 110.479 -53.4711 -35.7621 2.12845 -4.13433 32.8239 64.0326 14.7753 16.6343 16.3144 14.4463 13.5586 15.681
0.53 163.252 72.3957 -12.8949 -11.9713 31.6117 124.142 -41.1658 -29.1357 1.82094 -3.88307 30.0685 52.6125 14.6864 16.4821 16.1964 14.249 13.3889 15.4235
0.54 149.283 71.8784 -13.9495 -12.2932 34.7875 124.555 -30.3447 -22.66 1.55987 -3.56198 27.134 41.4008 14.7362 16.3746 16.1224 14.1997 13.3503 15.2988
0.55 130.08 68.9729 -15.0955 -12.6951 36.6935 116.653 -21.3083 -16.5376 1.35881 -3.15673 24.1334 31.2841 14.8883 16.2637 16.0479 14.2732 13.4118 15.269
0.56 110.404 64.6226 -16.3135 -13.2227 37.551 104.736 -13.8922 -10.8774 1.23146 -2.65269 21.1469 22.5959 15.1008 16.1032 15.9293 14.438 13.5358 15.2887
0.57 92.5081 59.5276 -17.5535 -13.8995 37.6025 91.7106 -7.77718 -5.73706 1.18889 -2.04009 18.2236 15.3272 15.3269 15.8549 15.729 14.6562 13.679 15.3072
0.58 77.1469 54.1577 -18.7395 -14.7214 37.0722 79.2053 -2.65977 -1.15583 1.23564 -1.32043 15.3893 9.3148 15.5188 15.4954 15.4218 14.8842 13.7968 15.274
0.59 64.3341 48.8069 -19.7806 -15.6531 36.1406 67.9631 1.68006 2.82983 1.36564 -0.511911 12.656 4.36191 15.6325 15.0211 14.9994 15.0768 13.8481 15.1464
0.6 53.7844 43.6522 -20.588 -16.6299 34.9351 58.2054 5.36853 6.18524 1.55997 0.348368 10.0328 0.295749 15.6338 14.4485 14.4721 15.1915 13.8028 14.8982
0.61 45.1357 38.8009 -21.0914 -17.5661 33.5345 49.8882 8.45746 8.88628 1.78753 1.20733 7.5338 -3.01589 15.504 13.81 13.866 15.1955 13.6475 14.5251
0.62 38.0461 34.32 -21.2515 -18.3695 31.9849 42.857 10.9559 10.93 2.00938 2.00382 5.1809 -5.67116 15.2424 13.1465 13.2174 15.0706 13.3882 14.0462
0.63 32.2266 30.2512 -21.0644 -18.9575 30.3177 36.9304 12.8619 12.3411 2.18527 2.6791 3.00023 -7.74941 14.8642 12.498 12.5653 14.8157 13.0491 13.4986
0.64 27.4447 26.6158 -20.5571 -19.271 28.5653 31.9397 14.186 13.1715 2.28038 3.18662 1.01502 -9.32539 14.3961 11.8973 11.9449 14.445 12.6665 12.9288
0.65 23.5163 23.4177 -19.7784 -19.2821 26.7683 27.7417 14.9625 13.4936 2.27002 3.49805 -0.76172 -10.4771 13.8696 11.3664 11.3828 13.983 12.2802 12.3824
0.66 20.2951 20.6448 -18.7878 -18.9935 24.9744 24.2192 15.2493 13.3913 2.14159 3.60461 -2.33092 -11.2859 13.3144 10.9158 10.8957 13.4583 11.9261 11.8958
0.67 17.6622 18.2723 -17.6461 -18.4321 23.2322 21.2753 15.1208 12.9507 1.89413 3.51483 -3.70639 -11.8319 12.7553 10.5471 10.4907 12.8986 11.6305 11.4921
0.68 15.519 16.2659 -16.4092 -17.6412 21.5839 18.8272 14.6588 12.2537 1.53649 3.25034 -4.90986 -12.1867 12.2106 10.2553 10.1672 12.327 11.4081 11.1805
0.69 13.7811 14.5857 -15.1258 -16.6714 20.0597 16.8013 13.945 11.3751 1.08535 2.84169 -5.96456 -12.4082 11.6925 10.0315 9.9191 11.7616 11.2619 10.9587
0.7 12.375 13.1886 -13.8364 -15.5749 18.6752 15.1302 13.0555 10.3809 0.563295 2.32467 -6.88955 -12.5373 11.2095 9.86518 9.73708 11.2161 11.186 10.8158
0.71 11.236 12.0309 -12.5747 -14.4014 17.4322 13.7516 12.0585 9.32902 -0.00301304 1.73747 -7.69645 -12.598 10.7672 9.74537 9.61007 10.7012 11.168 10.7365
0.72 10.3069 11.0698 -11.368 -13.1961 16.3212 12.6081 11.013 8.26964 -0.584718 1.11818 -8.38882 -12.6004 10.3702 9.6617 9.52671 10.2252 11.1919 10.7034
0.73 9.53794 10.2651 -10.2378 -11.9988 15.325 11.648 9.96838 7.24472 -1.15299 0.5025 -8.9639 -12.5448 10.022 9.60495 9.4763 9.79553 11.2412 10.7002
0.74 8.88674 9.58077 -9.20032 -10.8428 14.4226 10.8262 8.96375 6.28774 -1.68137 -0.0784214 -9.41585 -12.4266 9.72516 9.5673 9.44936 9.41801 11.3002 10.7122
0.75 8.31882 8.98541 -8.26582 -9.75438 13.593 10.1052 8.02824 5.42305 -2.14798 -0.599798 -9.73916 -12.2403 9.48076 9.54257 9.43808 9.0969 11.3558 10.7283
0.76 7.8074 8.45351 -7.43911 -8.75281 12.8171 9.45518 7.181 4.66562 -2.53711 -1.04433 -9.93166 -11.9831 9.28826 9.52615 9.43642 8.83435 11.3983 10.7403
0.77 7.33307 7.96549 -6.71967 -7.85 12.0801 8.85426 6.43203 4.02154 -2.83997 -1.40252 -9.99616 -11.6565 9.14526 9.51489 9.44008 8.63018 11.4216 10.7436
0.78 6.88299 7.50744 -6.10245 -7.05112 11.3715 8.28746 5.78351 3.4892 -3.05457 -1.67206 -9.94089 -11.2664 9.04766 9.50686 9.44628 8.48189 11.4226 10.7359
0.79 6.44972 7.07044 -5.57896 -6.35553 10.6852 7.74573 5.23155 3.06098 -3.18467 -1.85661 -9.77881 -10.8223 8.99008 9.50104 9.45344 8.38494 11.4013 10.717
0.8 6.02991 6.64955 -5.13849 -5.75801 10.0188 7.22458 4.76802 2.72529 -3.23837 -1.96421 -9.52618 -10.3363 8.96637 9.49704 9.46082 8.33334 11.3596 10.6882
0.81 5.62298 6.24275 -4.76932 -5.25011 9.37238 6.72266 4.38235 2.46845 -3.22652 -2.00552 -9.20093 -9.82143 8.97014 9.49483 9.46825 8.3202 11.3005 10.6512
0.82 5.23002 5.84992 -4.45972 -4.82153 8.74781 6.2406 4.063 2.27625 -3.16117 -1.9924 -8.82108 -9.29041 8.99522 9.49454 9.47586 8.33837 11.2278 10.6082
0.83 4.85284 5.47199 -4.19869 -4.46124 8.14766 5.77992 3.79863 2.13518 -3.05438 -1.93667 -8.40358 -8.75473 9.03599 9.4963 9.48387 8.38094 11.1455 10.5614
0.84 4.49338 5.11027 -3.97644 -4.15836 7.57457 5.3424 3.57872 2.03315 -2.91739 -1.8493 -7.96344 -8.22412 9.08758 9.50021 9.4925 8.44156 11.0572 10.5125
0.85 4.15327 4.76606 -3.78463 -3.90279 7.03084 4.92957 3.39407 1.95985 -2.76007 -1.73992 -7.51334 -7.70634 9.14593 9.50626 9.50192 8.51469 10.966 10.4632
0.86 3.83368 4.44041 -3.61637 -3.68554 6.51809 4.54248 3.23691 1.90684 -2.59069 -1.61664 -7.06354 -7.20721 9.2078 9.51433 9.5122 8.59567 10.8745 10.4146
0.87 3.53521 4.13393 -3.46616 -3.49888 6.03727 4.1816 3.10089 1.86748 -2.41593 -1.48598 -6.62195 -6.73079 9.27069 9.52424 9.52335 8.68074 10.7849 10.3677
0.88 3.25797 3.84686 -3.32972 -3.33637 5.5886 3.84688 2.98091 1.83671 -2.24092 -1.35302 -6.1944 -6.27966 9.33273 9.53574 9.5353 8.76695 10.6986 10.3229
0.89 3.00159 3.57905 -3.2038 -3.19279 5.17167 3.53776 2.87306 1.81078 -2.06949 -1.22158 -5.78496 -5.85517 9.39261 9.54855 9.54792 8.8521 10.6166 10.2808
0.9 2.76539 3.33003 -3.08598 -3.06395 4.78561 3.2533 2.7743 1.78704 -1.90437 -1.09439 -5.39624 -5.45772 9.44943 9.56238 9.56107 8.93457 10.5396 10.2414
0.91 2.54839 3.0991 -2.9745 -2.94658 4.42912 2.99229 2.68238 1.76368 -1.74735 -0.973318 -5.02969 -5.08702 9.50264 9.57694 9.57459 9.01328 10.468 10.2049
0.92 2.3495 2.88538 -2.86813 -2.83816 4.10068 2.75332 2.59565 1.73955 -1.59953 -0.859534 -4.68589 -4.7423 9.55193 9.59197 9.58833 9.08752 10.4019 10.1712
0.93 2.16748 2.68789 -2.76598 -2.7368 3.79857 2.5349 2.51293 1.71394 -1.46148 -0.753695 -4.36478 -4.42243 9.5972 9.60722 9.60213 9.15689 10.3411 10.1402
0.94 2.0011 2.50557 -2.66748 -2.64107 3.52101 2.33548 2.43336 1.68653 -1.33336 -0.65606 -4.06583 -4.12608 9.63847 9.62249 9.61585 9.22124 10.2855 10.1119
0.95 1.8491 2.33738 -2.57224 -2.54992 3.2662 2.15356 2.35638 1.65722 -1.21502 -0.566604 -3.78817 -3.85181 9.67586 9.6376 9.62937 9.28055 10.2349 10.0859
0.96 1.71027 2.18226 -2.47999 -2.4626 3.03237 1.98764 2.28159 1.62606 -1.10616 -0.485106 -3.53075 -3.59813 9.70955 9.6524 9.64258 9.33497 10.1889 10.0623
0.97 1.58348 2.03919 -2.3906 -2.37854 2.8178 1.83632 2.20876 1.59322 -1.00631 -0.411209 -3.29239 -3.36357 9.73977 9.66677 9.65541 9.38469 10.1473 10.0407
0.98 1.46764 1.90722 -2.30396 -2.29738 2.62089 1.69828 2.13773 1.55892 -0.914939 -0.344475 -3.07188 -3.14669 9.76674 9.68062 9.66779 9.42997 10.1095 10.021
0.99 1.36175 1.78541 -2.22001 -2.21885 2.44011 1.57231 2.06843 1.52341 -0.83148 -0.284419 -2.86796 -2.94612 9.79071 9.69389 9.67966 9.47109 10.0755 10.003
1 1.26488 1.67293 -2.13872 -2.14276 2.27405 1.45727 2.00081 1.48696 -0.755348 -0.23054 -2.67944 -2.76057 9.81194 9.70651 9.69099 9.50835 10.0447 9.9866
