0.01 0.0895546 -0.0991894 -10.0268 0.0346263 0.0304677 -0.00114092
0.02 0.0914725 -0.101291 -10.0302 0.0344136 0.0302901 -0.00117365
0.03 0.0947291 -0.104854 -10.0359 0.0340292 0.0299656 -0.00122844
0.04 0.0994167 -0.109973 -10.0438 0.0334266 0.0294501 -0.00130562
0.05 0.105669 -0.116784 -10.0542 0.0325372 0.0286779 -0.00140557
0.06 0.113665 -0.125467 -10.0671 0.0312662 0.0275583 -0.00152859
0.07 0.123636 -0.136253 -10.0826 0.0294876 0.0259704 -0.0016748
0.08 0.135872 -0.149433 -10.1008 0.0270374 0.0237557 -0.00184391
0.09 0.150731 -0.165361 -10.1219 0.0237037 0.0207092 -0.00203489
0.1 0.168652 -0.184466 -10.1461 0.0192153 0.0165668 -0.0022456
0.11 0.190165 -0.207262 -10.1735 0.013226 0.0109902 -0.00247215
0.12 0.215908 -0.234363 -10.2043 0.00529525 0.00354639 -0.00270815
0.13 0.246642 -0.26649 -10.2387 -0.00513748 -0.00631783 -0.0029436
0.14 0.283268 -0.304485 -10.2768 -0.0187843 -0.0193088 -0.00316344
0.15 0.326844 -0.349325 -10.3188 -0.0365499 -0.0363278 -0.00334565
0.16 0.378596 -0.402122 -10.3646 -0.0595826 -0.0585235 -0.00345872
0.17 0.439927 -0.464128 -10.4143 -0.0893399 -0.0873587 -0.0034585
0.18 0.512408 -0.536721 -10.4676 -0.12767 -0.124692 -0.00328424
0.19 0.597755 -0.621375 -10.5239 -0.176912 -0.172881 -0.00285377
0.2 0.697763 -0.719598 -10.5824 -0.240024 -0.234904 -0.00205798
0.21 0.814198 -0.832842 -10.6416 -0.320739 -0.314506 -0.000754862
0.22 0.948613 -0.962345 -10.6994 -0.423747 -0.416364 0.00123618
0.23 1.10206 -1.10891 -10.7523 -0.554917 -0.546274 0.00413845
0.24 1.27467 -1.27259 -10.7957 -0.721544 -0.711326 0.00821792
0.25 1.46506 -1.45226 -10.8226 -0.932611 -0.920055 0.0137751
0.26 1.66959 -1.64499 -10.8234 -1.19902 -1.1825 0.0211219
0.27 1.88133 -1.8454 -10.7848 -1.53373 -1.51005 0.0305332
0.28 2.08901 -2.04464 -10.6891 -1.95161 -1.915 0.0421576
0.29 2.27586 -2.22939 -10.5131 -2.46882 -2.40937 0.0558706
0.3 2.41879 -2.38065 -10.2273 -3.10117 -3.00293 0.071051
0.31 2.48825 -2.47263 -9.79696 -3.86103 -3.69972 0.0862868
0.32 2.44949 -2.4721 -9.18311 -4.75189 -4.49296 0.0990637
0.33 2.2659 -2.33879 -8.34707 -5.76028 -5.3584 0.105595
0.34 1.90485 -2.02766 -7.25631 -6.84503 -6.24706 0.101084
0.35 1.34556 -1.49432 -5.89108 -7.92569 -7.07975 0.0807899
0.36 0.587384 -0.704042 -4.24859 -8.8739 -7.74679 0.042105
0.37 -0.344181 0.355083 -2.34212 -9.51391 -8.11667 -0.0127489
0.38 -1.39545 1.65589 -0.197967 -9.64097 -8.05613 -0.0747243
0.39 -2.48616 3.11582 2.13801 -9.06735 -7.46359 -0.128664
0.4 -3.51423 4.5892 4.57009 -7.70132 -6.31557 -0.158192
0.41 -4.36801 5.88485 6.90757 -5.63801 -4.71443 -0.153726
0.42 -4.9533 6.82178 8.85743 -3.19634 -2.9013 -0.118852
0.43 -5.22994 7.3045 10.1107 -0.828516 -1.19222 -0.069171
0.44 -5.23148 7.36329 10.4872 1.07173 0.146343 -0.0233125
0.45 -5.0469 7.1245 10.0163 2.31965 0.994407 0.00629584
0.46 -4.77809 6.74024 8.8916 2.94754 1.38285 0.0157125
0.47 -4.50425 6.3323 7.3634 3.11331 1.43024 0.00563935
0.48 -4.26941 5.97279 5.65752 3.0065 1.27375 -0.022687
0.49 -4.08888 5.68985 3.94575 2.79596 1.02763 -0.0683569
0.5 -3.96251 5.48144 2.34671 2.6105 0.772725 -0.129967
0.51 -3.88333 5.32794 0.934436 2.53516 0.564837 -0.205807
0.52 -3.84023 5.20185 -0.252865 2.61381 0.443262 -0.294572
0.53 -3.81968 5.07555 -1.20598 2.85277 0.430533 -0.39474
0.54 -3.80934 4.92797 -1.94085 3.22321 0.528744 -0.502877
0.55 -3.80117 4.74963 -2.49429 3.66652 0.719932 -0.612483
0.56 -3.79186 4.54451 -2.91485 4.10665 0.972399 -0.71423
0.57 -3.78039 4.32775 -3.24923 4.468 1.25037 -0.797368
0.58 -3.76415 4.12019 -3.53004 4.69196 1.52229 -0.851524
0.59 -3.73607 3.9421 -3.77068 4.74568 1.76428 -0.868319
0.6 -3.68425 3.80855 -3.96884 4.6223 1.95918 -0.84254
0.61 -3.59421 3.72707 -4.11524 4.33599 2.0938 -0.772879
0.62 -3.45281 3.69703 -4.20298 3.91568 2.15753 -0.662141
0.63 -3.2519 3.71021 -4.23395 3.39948 2.14316 -0.516813
0.64 -2.99053 3.75184 -4.22075 2.82973 2.04886 -0.346001
0.65 -2.67493 3.80239 -4.18455 2.24841 1.87983 -0.159996
0.66 -2.31671 3.83978 -4.15049 1.69291 1.64822 0.0310583
0.67 -1.93011 3.84208 -4.14255 1.1926 1.37126 0.218027
0.68 -1.5296 3.79011 -4.17955 0.766901 1.06833 0.39306
0.69 -1.1283 3.66962 -4.27312 0.424961 0.758118 0.549476
0.7 -0.737474 3.47281 -4.4274 0.1668 0.456508 0.681585
0.71 -0.366569 3.19889 -4.64005 -0.0146606 0.175615 0.784683
0.72 -0.0235055 2.85396 -4.90387 -0.131196 -0.0763526 0.855304
0.73 0.285191 2.45005 -5.20847 -0.196947 -0.294682 0.891634
0.74 0.554477 2.00371 -5.54181 -0.226435 -0.47755 0.893883
0.75 0.780996 1.53414 -5.89148 -0.233049 -0.62543 0.864436
0.76 0.963269 1.06121 -6.24566 -0.228053 -0.74056 0.807687
0.77 1.10174 0.60368 -6.59383 -0.22009 -0.826484 0.729549
0.78 1.19861 0.177594 -6.92722 -0.215099 -0.887601 0.63676
0.79 1.25752 -0.204684 -7.23915 -0.216558 -0.928733 0.536129
0.8 1.28314 -0.534965 -7.52502 -0.225921 -0.954713 0.433874
0.81 1.28066 -0.809176 -7.78223 -0.243145 -0.970021 0.335144
0.82 1.25544 -1.0269 -8.00994 -0.267207 -0.978535 0.243777
0.83 1.2126 -1.19064 -8.20875 -0.296562 -0.983374 0.162267
0.84 1.15686 -1.30501 -8.38031 -0.329488 -0.986865 0.091891
0.85 1.09232 -1.37591 -8.527 -0.36433 -0.990595 0.0329361
0.86 1.02243 -1.40984 -8.65157 -0.399648 -0.995523 -0.0150429
0.87 0.950011 -1.41334 -8.75689 -0.434281 -1.00211 -0.0529724
0.88 0.877246 -1.39259 -8.84579 -0.467366 -1.01047 -0.0820466
0.89 0.805789 -1.3532 -8.9209 -0.49831 -1.02048 -0.103561
0.9 0.736831 -1.30004 -8.98458 -0.52676 -1.03189 -0.118797
0.91 0.67118 -1.23725 -9.03888 -0.552548 -1.04439 -0.128945
0.92 0.609345 -1.16822 -9.08557 -0.575653 -1.05766 -0.135065
0.93 0.551599 -1.09569 -9.1261 -0.596161 -1.07142 -0.13807
0.94 0.498039 -1.02179 -9.16169 -0.614224 -1.08543 -0.138725
0.95 0.448634 -0.948171 -9.1933 -0.630044 -1.0995 -0.137656
0.96 0.403264 -0.876044 -9.22173 -0.643843 -1.11349 -0.135367
0.97 0.361746 -0.80629 -9.24759 -0.655854 -1.1273 -0.132258
0.98 0.323864 -0.739514 -9.27137 -0.666309 -1.14091 -0.128636
0.99 0.289378 -0.676106 -9.29346 -0.675429 -1.15428 -0.124738
1 0.25804 -0.616289 -9.31414 -0.683426 -1.16743 -0.120741
